R/Data/side_v1_12_4.asc
NCOLS 365 
NROWS 740 
XLLCORNER 0.791666667335165 
YLLCORNER 6.2083333340009 
CELLSIZE 0.00833333332967033 
NODATA_value -9999 
[rows 276 to 298 of 740, columns 104 to 155 of 365]
0.0598943738588424 0.0599088040854835 0.0580416834145799 0.0574884678757927 0.0568180287077798 0.0560664836954659 0.0552600017066332 0.0490365898563713 0.0481806327718319 0.0473134192357685 0.0464349480286455 0.0455421635315146 0.04463015176504 0.0436930903345794 0.0427249879214544 0.0417202582214912 0.0406741694349269 0.0395832043180924 0.038445345590282 0.037260298900079 0.0360296458684897 0.034756917663891 0.0334475788761405 0.032108906992932 0.0307497686869912 0.0293802965030314 0.0280114832972703 0.0266547245667743 0.0253213397548441 0.0240221164901802 0.0227669105906369 0.0255862003139545 0.0244541269807652 0.0233890092819851 0.0223944394558014 0.0214727554779279 0.0206251809491336 0.0198519978579766 0.0191527301616566 0.0185263258087229 0.0179713204440667 0.0174859712576083 0.0170683476871143 0.0167163626214888 0.0164277387529447 0.0161999343123205 0.0160301003188967 0.0159151457445745 0.0158519136753518 0.0158373956423777 0.0158689071788675 0.0155805467783092
0.0623032592847903 0.0622344359108517 0.0603074975399046 0.0596813208812105 0.0589424190700408 0.0524886624614222 0.0516042479744203 0.0506987230492253 0.049782920409476 0.0488614388964728 0.0479342499623588 0.0469981440734803 0.0460479475647465 0.0450774952465204 0.0440803943030395 0.0430506116688785 0.0419829324909532 0.040873321722132 0.0397192077344097 0.0385197031718979 0.0372757590211262 0.0359902456693673 0.034667952825873 0.0333154927718826 0.0319411090041594 0.030554388295886 0.0291658910863923 0.0277867236737888 0.0264280793441538 0.0251007892926267 0.0279668027291712 0.0267368248721755 0.0255671931400023 0.0244634026215957 0.0234296068570122 0.022468672084975 0.0215822885075688 0.0207711212602329 0.0200349797842374 0.019372993098806 0.0187837740308113 0.0182655606005556 0.0178163223919181 0.0174338185226126 0.0171156062852403 0.0168590196993543 0.0166611679706847 0.0165190025811069 0.0164294560330673 0.0163896079798754 0.0163968258895169 0.0160478770846351
0.0647279240792552 0.0621317604449645 0.0626698627110375 0.0619616330272399 0.0552526858534266 0.0543255534625884 0.0533647804689035 0.0523892655876074 0.0514100172597139 0.0504317020472006 0.0494542268528436 0.0484741877549634 0.0474861032780035 0.0464834116299988 0.0454592534139681 0.0444070759854382 0.0433211000274184 0.0421966831244018 0.041030603418318 0.0398212790820129 0.0385689249396437 0.0372756427676275 0.035945437321369 0.0345841460667422 0.0331992808048043 0.0317997778373498 0.0303956661613855 0.0289976731052314 0.0276167889849604 0.0262638275881961 0.0292405833752602 0.0279764183105332 0.0267701105924657 0.0256277618169121 0.0245541480187171 0.0235527357943805 0.0226257616701479 0.0217743585980258 0.020998709410852 0.0202982143593009 0.0196716550961668 0.0191173429058164 0.0186332390368335 0.0182170358714815 0.0178661994884087 0.0175779883003806 0.0173494822067496 0.0171776541408771 0.0170594864967157 0.0169921053454988 0.0169728961519751 0.016999580797334
0.0645745603738947 0.0641335085903224 0.0620332114106962 0.0581597303148253 0.0571989170033759 0.0561834548244999 0.0551415220497767 0.0540922084609856 0.0530466662352267 0.0520095980719332 0.0509808159146336 0.0499566887187239 0.048931392624395 0.0478979278672056 0.046848923171138 0.045777253287291 0.0446765142135635 0.0435413896429216 0.0423679329155301 0.0411537868847443 0.0398983425505968 0.0386028385687833 0.0372703940496775 0.035905965205455 0.0345162209497615 0.0331093328607526 0.0316946843394341 0.0302825137643933 0.0288835066919925 0.027508371742988 0.030597856295306 0.0293024824404137 0.0280615612537558 0.0268818301772137 0.0257687394671195 0.0247264259876743 0.0237577563942436 0.0228644248172662 0.0220470867442135 0.0213055156549973 0.0206387642243799 0.0200453170043952 0.0195232227286751 0.0190701949084428 0.0186836824787618 0.0183609198478865 0.0180989804177869 0.0178948546731438 0.0177455543525624 0.0176482264708251 0.0176002516784372 0.0175993123918139
0.0667128643558333 0.0661344882217006 0.0612859301692519 0.0603832526045251 0.0591504726915761 0.0580421990343592 0.0569154862276714 0.0557895948666654 0.0546757972664995 0.0535788091677844 0.0524983247159822 0.0514304631862803 0.0503690345715682 0.0493065772736872 0.0482351799987283 0.047147113815986 0.0460353139022155 0.0448937475768314 0.043717695204435 0.0425039677922745 0.041251067843151 0.0399592962796608 0.038630801977349 0.0372695635620959 0.0358812998455677 0.0344733006588416 0.0330541799500194 0.0316335598031425 0.0302216971154431 0.0288290806084951 0.0320319763109363 0.0307098378433452 0.0294377602818436 0.0282231195199475 0.0270720724439728 0.0259894847877591 0.0249789326722851 0.024042766460093 0.0231822192851588 0.0223975480451283 0.021688187418915 0.0210529038081121 0.020489935931368 0.0199971117799127 0.0195719421325465 0.0192116960878889 0.0189134751380704 0.0186742991804423 0.0184912057353969 0.0183613520373839 0.0182821026204099 0.0182510915601283
0.0687953789377414 0.0680748200600623 0.0632345953916353 0.0622156053403126 0.0611364963644033 0.0598801825199388 0.0586663826917894 0.0574622649948117 0.0562792124363141 0.0551219416985675 0.0539900149548675 0.0528792895824446 0.0517831986503336 0.0506938086801417 0.0496026590602645 0.0485014072939601 0.0473823155530274 0.0462386191105946 0.0450648041164175 0.0438568218856788 0.0426122485526789 0.041330398576535 0.0400123876511503 0.0386611386549017 0.0372813248535634 0.0358792426416711 0.0344626096330766 0.033040294400637 0.0316219828093403 0.0302178043793344 0.0335330659097509 0.0321902033616329 0.0308919978228619 0.0296464290455361 0.0284603626888056 0.0273394293538145 0.0262879793976496 0.0253091068766201 0.0244047261373054 0.0235756906397847 0.0228219341905835 0.0221426207992472 0.0215362898467046 0.0210009850596004 0.0205343663272851 0.0201338063048174 0.019796482156585 0.0195194707574239 0.0192998479146951 0.0191347849421049 0.0190216306015565 0.0189579706315646
0.0707907256808771 0.0699264040998146 0.0651123168753944 0.0639754950771571 0.0627869156712534 0.0615853619581622 0.0604002995982953 0.0590907704955751 0.0578384304410958 0.0566213090735843 0.0554388329534081 0.0542865943305823 0.0531576495680677 0.0520435969987311 0.0509354348238341 0.0498242164461441 0.0487015418617138 0.0475599247490783 0.046393063785538 0.0451960514255102 0.0439655307582415 0.0426998098556944 0.0413989365823344 0.0400647239870872 0.0387007252579033 0.0429491602993616 0.0416318340612464 0.0402896409073635 0.038930221658703 0.0375623836403416 0.0350877863368793 0.0337318830364904 0.0324142578054334 0.03114341297434 0.0299268836261162 0.0287710664460745 0.0276811242588912 0.0266609637695747 0.0257132732057586 0.0248396113952995 0.0240405290953564 0.0233157084130059 0.0226641069990284 0.0220840940853686 0.0215735760314886 0.0211301098040605 0.0207510099026095 0.0204334536472286 0.0201745836826999 0.0199716040491801 0.0198218606022709 0.0197229006356703
0.0726719060790765 0.0716654088922701 0.0668969424545202 0.0656428700555229 0.0643452652238538 0.0630431473720621 0.0617662845231652 0.0605352705666144 0.0593356123293044 0.0580597954644178 0.0568282198463046 0.0556362180358211 0.0544764784035963 0.0533401463229793 0.0522176999627049 0.0510996160567147 0.0499768643086869 0.0488412699697338 0.0521470166934763 0.0511229228837266 0.0500717885810987 0.0489883447910461 0.0478688417437145 0.0467111622482234 0.0455149094551095 0.0442814555951876 0.0430139382475173 0.0417171932207821 0.0403976121080426 0.039062926181927 0.0377219192593566 0.0353196241473 0.0339909758158464 0.0327022548850055 0.0314615752444331 0.0302760544823502 0.0291516667392044 0.0280931692375584 0.0271040943621327 0.0261868010155984 0.0253425677443801 0.0245717141864959 0.0238737375431089 0.0232474493191042 0.0226911094913252 0.0222025521627024 0.0217793053943426 0.021418706330914 0.021118009448039 0.0208744853627723 0.0206855032454272 0.0205485932290717
0.0744178201529075 0.0732735597439948 0.0685704566404518 0.0672015455150368 0.0657969232216141 0.0643960032051206 0.0630289636038898 0.061716740692679 0.0604718066279572 0.0594217194662677 0.0581429319012273 0.060004427148296 0.0589207888247518 0.0578837901099465 0.0568826633588259 0.0559063579984345 0.0549440207471693 0.0539853421279607 0.053020802445515 0.0520418602502199 0.0510411026046791 0.0500123772182451 0.0489509154477474 0.0478534437655194 0.0467182836112804 0.0455454254107649 0.0443365654863572 0.0430950921472214 0.0418260056585493 0.0405357693591418 0.0392320861263657 0.0379236102596751 0.0356050113273372 0.0343075239566633 0.0330508009975593 0.0318425800530897 0.030689594028653 0.029597444576234 0.0285705431092408 0.0276121170103591 0.0267242661490791 0.0259080579910262 0.0251636475738552 0.0244904084182837 0.0238870682415743 0.023351842004917 0.0228825611379815 0.0224767975387537 0.0221319785655745 0.0218454909501159 0.021614767698933 0.0214373553362874
0.0760140982516016 0.0747388107862609 0.070119713088065 0.0686398408666451 0.0671314437654294 0.0656345362807282 0.0641798462723418 0.0627887344423578 0.0614739304415753 0.0602408014242279 0.0618151658924499 0.0606569314760305 0.0595643528848048 0.058527311784897 0.0575347154652988 0.0565751683196155 0.0556374519342989 0.0547108579779603 0.0537854169554575 0.0528520625049143 0.051902758230477 0.0509306066705753 0.0499299543362355 0.0488964940350659 0.0478273657980677 0.0467212463890314 0.045578415560296 0.0444007865947262 0.0431918836192325 0.0419567574822382 0.0407018311392 0.0394346754188279 0.0372358956793044 0.035940280585789 0.0346773227678893 0.0334552181744801 0.0322813458080441 0.0311620900353252 0.0301027276799122 0.0291073835194735 0.0281790425013436 0.0273196094149961 0.0265300040359369 0.0258102770078988 0.0251597398302172 0.0245770990093598 0.0240605902141557 0.0236081088554547 0.0232173314581944 0.0228858258124196 0.0226111438318354 0.0223908954536435
0.0774532095469241 0.0730513828287367 0.0715366810101536 0.06995078238054 0.0683427283123645 0.0667533831016805 0.0652141952940802 0.0637470484603371 0.0623649740792229 0.0610734323559053 0.0623829557028533 0.0612056440757393 0.0601029552663868 0.0590645018188352 0.0580789101902207 0.0571345029586951 0.0562197767590015 0.055323723622937 0.0544360402688387 0.0535472683898848 0.0526488937806533 0.0517334297242792 0.0507944986431552 0.0498269169646024 0.0488267886829602 0.047791598160457 0.0467202944757375 0.0456133552937441 0.0444728109370857 0.043302220061811 0.0421065819930321 0.0408921815289179 0.0396663687426064 0.0375784842607269 0.0363205558310348 0.0350950434636565 0.0339097964431549 0.0327718564830178 0.0316872927805707 0.0306611040455373 0.0296971806126307 0.0287983209110614 0.0279662925494946 0.0272019240539749 0.0265052205140341 0.0258754912426244 0.0253114832021381 0.0248115143364018 0.0243735996525153 0.0239955669527159 0.0236751565325325 0.0234101022137496
0.0787339503002249 0.0744375678621902 0.0728182529073562 0.0711319146033784 0.0694288409262859 0.0677510338271061 0.0661308588775295 0.0645908352894697 0.0631443430985209 0.0617969399454593 0.0628505836671645 0.0616531933413461 0.0605390519638554 0.0594975169168837 0.0585169653316293 0.0575854889057391 0.056691369727658 0.0558233906671392 0.0549710244862084 0.0541245488435182 0.053275118120531 0.0524148180047661 0.0515367198255699 0.0506349429913884 0.0497047318951357 0.0487425427549264 0.0477461340616638 0.0467146501091413 0.0456486803889214 0.044550284853594 0.0434229669262598 0.0422715857525051 0.0411022049688912 0.0399218767357584 0.0379571481257823 0.0367400496530499 0.0355545204374846 0.0344080692867307 0.0333074188748852 0.0322583559408948 0.0312656408491507 0.0303329750590169 0.029463020232437 0.0286574569065575 0.0279170764507049 0.0272418937816376 0.0266312729680267 0.0260840581295903 0.0255987005357884 0.0251733784322024 0.0248061023509576 0.0244948035238515
0.079860504718785 0.0756823197680472 0.0739657137678494 0.0721848075931107 0.0703915516422851 0.068629408627548 0.0669318772957854 0.065322235267777 0.0638142594252779 0.0624136029825102 0.0632225841419953 0.0620041000021399 0.0608770672667411 0.0598305873155876 0.0588528058131888 0.0579316209930364 0.0570551582625888 0.0562120681273148 0.0553916958539161 0.0545841720533561 0.0537804561940151 0.0529723617545283 0.052152581831266 0.0513147243223433 0.0504533675028084 0.0495641314803223 0.0486437640133878 0.0476902313107476 0.0467027998226216 0.04568209736965 0.0446301366106092 0.0435502886114278 0.04244719872144 0.0413266383321923 0.0395618785959631 0.0383658919079606 0.0371923723078278 0.0360490477364019 0.0349430903859178 0.0338809220979468 0.0328680733702062 0.0319090997148416 0.0310075532992192 0.0301660006637616 0.029386082390625 0.0286686018280666 0.028013634857884 0.0274206515640394 0.0268886396252799 0.0264162243335778 0.0260017775666641 0.0276198725461626
0.0808412859179114 0.0767905248363228 0.0749840070828635 0.0731143774912912 0.0712357087064357 0.069393272521907 0.0676219384444976 0.0659458699066606 0.064379285485879 0.0629279245147632 0.063504955357633 0.0622643874225378 0.0611229961451831 0.0600696119997883 0.059092154312765 0.0581783516693825 0.0573162160359433 0.0564943274151019 0.055701984185971 0.0549292691437858 0.0541670668813801 0.0534070589415589 0.0526417205798881 0.051864327808588 0.0510689865456822 0.0502506840075114 0.049405360205734 0.048529995894262 0.047622702751133 0.0466828072605866 0.0457109114213798 0.0447089163523823 0.0436799985303709 0.0426285277314828 0.041559928158905 0.039946933056155 0.0387983846004199 0.0376708431126441 0.0365716711623337 0.0355077090564586 0.034485090639767 0.0335091110456239 0.0325841490207058 0.031713638928881 0.0309000905544701 0.030145145722061 0.0294496637812534 0.0288138265151729 0.0282372512009178 0.0297008334541874 0.0292610873674546 0.0288745596557729
0.0816877798919464 0.0777702176685238 0.0758809319048884 0.0739281452632565 0.0719685456439554 0.0700495931830457 0.0682077762620198 0.06646827513516 0.0648457889241477 0.0633461240871606 0.0637047488439661 0.0624411629940164 0.0612839733695707 0.0602217141559864 0.0592420709794873 0.0583326160117989 0.0574812773014238 0.0566766106473005 0.0559079305508867 0.0551653526714068 0.0544397846109346 0.0537228952515918 0.0530070821111357 0.0522854507430265 0.0515518165257022 0.0508007317051102 0.0500275375553116 0.0492284397541596 0.048400596612621 0.0475422122891483 0.0466526203676559 0.045732344754245 0.0447831247286011 0.0438078917867352 0.042810694506389 0.0414575188098127 0.0403469334357747 0.0392482691574043 0.038168783074423 0.0371154660631312 0.0360948275998548 0.0351127224655977 0.0341742268387864 0.0332835635225668 0.032444077461442 0.031658253749078 0.0309277711685301 0.030253582625334 0.0316094909431126 0.031078257480808 0.030599809451395 0.0301732304269929
0.0804655257426042 0.0786317524540309 0.0766663745553036 0.0746355166137617 0.0725990098320157 0.0706069071889332 0.0686975736903292 0.0668973373876026 0.0652214079191697 0.0636756253722155 0.0638296695861175 0.0625422051844103 0.0613678450936577 0.0602947919952528 0.0593104838322813 0.0584023389799244 0.0575582205276517 0.0567666928298791 0.0560171324718497 0.0552997478898664 0.0546055464574433 0.0539262783372496 0.0532543780087225 0.0525829169610125 0.0519055788974649 0.051216661388033 0.050511105240736 0.0497845520642842 0.0490334210642311 0.0482550011485646 0.0474475443169385 0.0466103493719702 0.0457438228055427 0.044849503149142 0.0439300418252722 0.0438039837170935 0.0428874753498147 0.0419557507700545 0.0410157121144501 0.0400746958952743 0.0376737827075014 0.036697630282092 0.0357569020966247 0.0348564659225217 0.0340004068590203 0.0331920029170669 0.0343144933004084 0.03365269384806 0.0330404983557282 0.0324783765012943 0.0319663323769294 0.031503986640753
0.0812833509472919 0.0793870992926919 0.0773516455022386 0.0752471566299381 0.0731371704436023 0.0710747567624437 0.0691004269968669 0.0672417812888728 0.0655145565664198 0.0639245806958696 0.0638877158440165 0.0625755888177489 0.0613827743126946 0.0602971039115996 0.0593057474901297 0.0583959668680236 0.0575555700874838 0.0567731515247629 0.0560381806600523 0.0553410009589979 0.0546727738977249 0.0540253999496635 0.0533914375931349 0.0527640317432539 0.0521368642660111 0.0515041314083754 0.0508605495266464 0.0502013914030554 0.049522546671903 0.0488206039799163 0.0480929436245428 0.0473378310144554 0.0465544998525193 0.0457432105396832 0.0449052760433099 0.0448978368434834 0.0440623625779481 0.0432056374459487 0.0423332799767593 0.0414515951638116 0.0405673180617399 0.039687349376957 0.038818502951857 0.0379672796678677 0.0404600677608587 0.0396402937449996 0.0357756646817861 0.0350998278184452 0.0344686567459363 0.0338832956049617 0.0333443840850083 0.0328521278828235
0.0820006015632408 0.0800492866300686 0.0779489526911614 0.0757744882365774 0.0735937353292745 0.0714632278902724 0.0694258985616193 0.0675107365355378 0.0657340073581285 0.0641014609503704 0.0638868761334511 0.0625493648556444 0.0613369030201733 0.0602369067327677 0.0592362560945461 0.0583220494154731 0.0574820450720093 0.0567048793877105 0.0559801341579628 0.0552983132221058 0.054650766426059 0.0540295907543079 0.0534275283638605 0.0528378753878691 0.0522544104372305 0.0516713496707967 0.051083330555544 0.0504854261140332 0.0498731863608541 0.0492427050765196 0.0485907034930118 0.0479146234679325 0.0472127201921555 0.0464841414373085 0.0457289855041777 0.0458370864598352 0.0450877906181761 0.0443131436192674 0.04351732269358 0.042705368653814 0.0418829806694826 0.0410562857025571 0.0402316015916119 0.0394152074998514 0.0403098561567901 0.0396108341605415 0.0389332913438664 0.0382813745903797 0.0376586363886643 0.0370680259571813 0.0365119056812634 0.0342003032850167
0.0826319438310562 0.0806320012894211 0.0784710142125149 0.0762293144554206 0.0739796824003995 0.0717825883093916 0.0696836642272814 0.0677133930949241 0.0658885504250628 0.0642147218222922 0.0638348809790241 0.0624713015586412 0.0612380750565016 0.0601221591964898 0.0591101219842969 0.0581888922821651 0.057346179708941 0.0565706691078139 0.055852063675692 0.0551810400303866 0.0545491539096154 0.0539487232042075 0.0533727094397452 0.0528146094085034 0.052268365848978 0.0517283032661295 0.0511890918228866 0.0506457412322668 0.0500936225133905 0.0495285168956936 0.0489466856356156 0.0483449550836232 0.0477208090883707 0.0470724771508192 0.0472484819770303 0.0466167424131653 0.0459558895500841 0.045267553187972 0.0445544207344864 0.0438201388079847 0.0430691673617459 0.0423065979092759 0.0428435718337704 0.0421737762799511 0.0415076738779202 0.0408502478568589 0.0402062119913696 0.0395799032407085 0.0389752061531406 0.0383955097140764 0.0378436909747579 0.0373221205348137
0.083192576882665 0.0811493149092688 0.0789307931259597 0.0766235540605215 0.0743059966658162 0.0720430240452122 0.0698832501165371 0.0678587406151148 0.0659867358931179 0.0642725464128503 0.0637390214361643 0.0623486865618838 0.0610936246903171 0.0599602921902914 0.0589349273095303 0.0580042833956089 0.057156022539916 0.0563788798855008 0.0556626815828953 0.0549982788872281 0.0543774360623347 0.0537926989843982 0.0532372628016276 0.0527048495074516 0.0521896047400991 0.0516860181633752 0.0511888706258178 0.0506932100173518 0.05019435500579 0.0496879253807587 0.0491698958882175 0.04863666854527 0.0480851570638778 0.0475128752540475 0.0477819449221976 0.0472370848055169 0.0466642294770397 0.0460636144995827 0.0454364907623373 0.0447850859236071 0.044112518725491 0.0443625190085745 0.0437667459463802 0.043163520474142 0.0425572800643782 0.0419525382869867 0.041353740357595 0.040765140941427 0.0401907067446288 0.0396340468927864 0.0390983678489173 0.0385864507250368
0.0836980605723372 0.081615520295772 0.0793413291449444 0.0769690693547428 0.0745834904737624 0.0722544571619708 0.0700338480137166 0.0679553803981421 0.0660366834765718 0.0642826532782251 0.0636060120805952 0.0621881849411998 0.0609102231013702 0.0597580448125505 0.0587175436294296 0.0577752958504337 0.0569189165591995 0.0561371908105668 0.0554200634504824 0.0547585530398612 0.054144623588632 0.05357104111782 0.0530312306204768 0.0525191425012727 0.0520291397363828 0.0515559055776852 0.0510943782028887 0.0506397120546254 0.0501872647830835 0.049732611529784 0.0492715819303721 0.0488003173542448 0.0483153433728841 0.0478136511592578 0.0481652852497021 0.0477030618098052 0.0472154000183471 0.0467013314096395 0.0461608060930632 0.0450609059430079 0.0455355178116234 0.0450316039793893 0.0445127104416693 0.04398203098108 0.0434431423532231 0.0428998654457353 0.0423561305546853 0.041815854905789 0.0412828361094294 0.0407606663850067 0.0402526670885439 0.0397618426692905
0.0841642170548091 0.0820450347042013 0.0797156385553329 0.077277555223493 0.0748226861263161 0.072426419473191 0.0701441846278862 0.0680113933601632 0.066045951219726 0.0637270610367225 0.0634419002357869 0.0619957409412574 0.0606937757400627 0.0595213524822433 0.0584640118608295 0.0575081549220511 0.0566413520011372 0.0558524346827526 0.055131457540204 0.0544695914802151 0.053858982042139 0.0532925953883423 0.0527640673738485 0.0522675631445542 0.0517976562006159 0.0513492286050961 0.0509173955309762 0.0504974553375237 0.0500848641429908 0.0496752350047994 0.0492643596015029 0.0488482502388755 0.0453651935554632 0.0449248076154169 0.0444767086304589 0.0440188883692867 0.046739080782066 0.0463426694478187 0.0459262450796232 0.0454893492330494 0.0450322851641429 0.0455189541862459 0.0450779867706402 0.0446226618084937 0.0441556020916514 0.0436797927383918 0.043198467186904 0.0427149964382087 0.0422327856962428 0.0417551839403793 0.0412854078459271 0.0408264806476718
0.0846070797367539 0.0824523475610541 0.0800666533183575 0.0775604715482662 0.0750337347273917 0.0725679655947278 0.0702224301540629 0.0680342456582164 0.0660214365650289 0.0637781513594272 0.0621001729273692 0.0617765142160855 0.060449356069635 0.0592552793859779 0.0581794710450988 0.0572081623574705 0.0563288810745995 0.0555305006056294 0.0548031709209251 0.0541381942087328 0.0535278698871205 0.0529653346349308 0.0524444045232342 0.051959431083238 0.0515051753133596 0.0510767032990625 0.0506693046838696 0.0502784342879913 0.0498996772008979 0.0464947979245668 0.0460877922809556 0.0456852942487548 0.0452842181760224 0.0448817144417785 0.044475215706587 0.0440624858556111 0.0467860074836623 0.046459073470558 0.0461161152340536 0.0457558669704911 0.0453777082812029 0.0449816757207182 0.045465134094151 0.0450848927109448 0.0446910594916851 0.0442857281473759 0.0438713326125578 0.0434505559477415 0.0430262398557099 0.0426013004609857 0.0421786511333639 0.041761135501952
