R/Data/side_v1_12_10.asc
NCOLS 365 
NROWS 740 
XLLCORNER 0.791666667335165 
YLLCORNER 6.2083333340009 
CELLSIZE 0.00833333332967033 
NODATA_value -9999 
[rows 69 to 91 of 740, columns 260 to 311 of 365]
0.150221866632888 0.150627630339956 0.150866029064667 0.150924718398951 0.150790867871418 0.137019332241154 0.136436024701594 0.135690117976974 0.134774195276315 0.133681535856716 0.128073434920086 0.127033137317658 0.125534723519564 0.123880805080554 0.122073073152704 0.120451591944336 0.118333331491013 0.116079899021196 0.113701988634778 0.111212531396844 0.104019496675375 0.101787723708803 0.0995012210692213 0.0971744696064247 0.0948227316634754 0.0924617500765673 0.0901074983415466 0.0877760633865281 0.0854837748404482 0.0832476314918364 0.0811971327173917 0.0791164733945361 0.0771535720752036 0.075329504500504 0.0736627221506435 0.0721667240980862 0.0708485845783598 0.0697087442610398 0.0687419836821922 0.0679391120292109 0.0682901024763684 0.067746030183481 0.067327768202749 0.0670273462534399 0.0668385771863636 0.0667569240244886 0.0667781232444705 0.0668933232580224 0.0667098952155136 0.0668147945655143 0.0668200320005674 0.0660016637150557
0.15584434575758 0.156507324627442 0.156984348800877 0.157259326424273 0.157315437437292 0.157135467173333 0.156702214633903 0.155998971394293 0.155010081763877 0.153721578624869 0.150811437643636 0.148933971332118 0.146755215046557 0.144276567243866 0.141504235904746 0.13865477306516 0.13530906787492 0.13171476273104 0.127900168425191 0.123898987662205 0.119813833038276 0.115597508083807 0.111319233324189 0.107024311169702 0.102758161384392 0.096391262245618 0.0933326467491319 0.09034340158246 0.087445348507229 0.0846585484099509 0.0827752901276133 0.0803655910654505 0.0781080662241364 0.0760266986817149 0.0741423810768799 0.0737727055799517 0.0723080834473842 0.0710444124441948 0.0699756760061814 0.0690915781734201 0.0683795172601136 0.0678261911217891 0.0674186926314722 0.0671450458051186 0.0669940579931152 0.067108972765654 0.067090070686308 0.0667564379138229 0.0668034285638396 0.0667204442365003 0.0664289494075634 0.0658075344219358
0.156543296762552 0.157248233404581 0.157768109003616 0.158087171828384 0.158188934844591 0.158056513157693 0.157673032509189 0.15702210756931 0.156088399675122 0.154858245827714 0.152021256856707 0.150206742004523 0.148094502072113 0.145686063585891 0.142987699492907 0.1402190866093 0.136956893267941 0.13344972846218 0.129725608505377 0.125817862036865 0.121819063974489 0.117699837208609 0.113520282740972 0.109325058940558 0.105158748278875 0.0983960913389178 0.0954161359015185 0.0925016183152544 0.089670071592719 0.0869358598441991 0.085037103530019 0.0826389729002111 0.0803687600390555 0.0782538583560387 0.0763201449320512 0.0758313180536877 0.0743022892347909 0.0729701288782652 0.0718309003108453 0.0708758178288662 0.0700931869383349 0.069469900326609 0.0689923575336242 0.0686467307292536 0.0684184128101364 0.068243422830677 0.0681251870266351 0.0676690481340795 0.0675694002437926 0.0673643170425351 0.0670582463350666 0.0665131816673582
0.157370757576058 0.158115440010483 0.158675690631351 0.159036152969461 0.159180722008903 0.159092883904586 0.158756125467593 0.158154412278313 0.157272742098884 0.156412665151503 0.153329588256646 0.15157458758368 0.149525379051075 0.147183600681874 0.144555572849177 0.141864995362615 0.138682535395022 0.135258598719994 0.131620902858293 0.12780241593331 0.123885409037134 0.119859031966535 0.115774098313662 0.111674860778371 0.107605416979076 0.100444012037421 0.0975438889064323 0.0947075261463361 0.0919478008563489 0.0892714485880519 0.0873549780830705 0.0849634688162553 0.082669398208753 0.0805072685084775 0.0785115165584678 0.0778924615253163 0.0762916583188929 0.0748854370263323 0.0736709726240237 0.0726401109397785 0.0717813573183753 0.0710812783010256 0.070525273199409 0.0700976806965182 0.0697811124723348 0.0693260870571527 0.0687265170210676 0.0685385878845948 0.0683257802609986 0.0680366662242464 0.0677071288599966 0.0671924988603335
0.158329804172123 0.159111922941568 0.15970991849732 0.160108888175339 0.160293160036759 0.160246637163655 0.159953204115341 0.159397208022483 0.158886037013234 0.157757744042382 0.154736356472981 0.153036901124567 0.151046663029273 0.148767373514001 0.146205374021611 0.143589218531055 0.140481896137057 0.137136367619662 0.13358002659876 0.129845468664022 0.126004377244329 0.122065058584465 0.118068856987125 0.114059842607773 0.110082030047353 0.102517493057693 0.0996966474723108 0.09694162105804 0.0942615401888298 0.0916538406195499 0.0897230435923477 0.0873339542674686 0.0850009689764522 0.0827741248813556 0.0807025577265651 0.0799434899482573 0.0782656300670172 0.076782128668036 0.075490024610695 0.0743809366043055 0.0734430382820048 0.0726623222234577 0.0720232401599999 0.0715087503871182 0.071099754597644 0.0699925036615612 0.0696865812512492 0.0693995841846449 0.0690958763570787 0.0687402421801516 0.0683830553161187 0.0678755172981814
0.159424655020558 0.16024184081627 0.160874823221481 0.161309215458224 0.161529836641797 0.161521054629449 0.161267196613242 0.160753019591148 0.160288905052721 0.15920792445058 0.156242624572866 0.154594196768857 0.152658279909316 0.150436675241176 0.147935714644237 0.145389566017732 0.142351970146851 0.139079128688588 0.135598061227201 0.131940937185998 0.128168541976069 0.124308848352079 0.120393480689582 0.116466426566122 0.112571895912059 0.104596861362366 0.101850593982977 0.099176685821706 0.0965842937440423 0.0940636425146112 0.0921336013677881 0.089743436771163 0.0873467599900016 0.0850321393650247 0.0828720593228504 0.0819673430975814 0.080211449649015 0.0786512335860906 0.0772823008290743 0.0760954013303975 0.0750781231318235 0.0742159087190141 0.0734925559954244 0.0728902605237038 0.0723892375568785 0.0710374258323173 0.0706424202171963 0.0702688037345047 0.0698884287521509 0.0694755263822869 0.0690883804095258 0.0685748276480411
0.171787688117782 0.173117089308613 0.17420765926194 0.17503825622841 0.175587247494896 0.17583300470048 0.175754474170823 0.175667056333859 0.174876257458853 0.173709389754261 0.17215476984935 0.17020530595351 0.167859379487422 0.165121677831654 0.162003912313833 0.158525351605967 0.154713111457006 0.150602116929922 0.146234712551897 0.141659881832413 0.136932095197048 0.132109829123682 0.127253834968161 0.122425261463065 0.117683728091047 0.113642715194354 0.109375674524945 0.105326072735159 0.101524307955406 0.097978705919015 0.0951868128159795 0.0919434070480645 0.0887623534681548 0.085824316177905 0.0832004855429073 0.0807356903616995 0.0787547365304839 0.0770668749534759 0.0756458971455638 0.0744642062306482 0.0745909927765921 0.0737961785818018 0.0731476361094343 0.07262208862865 0.0718047537674628 0.0714036775073426 0.0710203913203654 0.0706576554738315 0.0702861750340604 0.069879947545131 0.0704474951242429 0.0699010550476854
0.173284941263417 0.174656784474997 0.17578834947628 0.176659041159816 0.177247751475249 0.177533354650019 0.177841271094089 0.177452365541045 0.176704346492424 0.175582155909423 0.174074379272811 0.172174116324513 0.16987984054906 0.167196212319011 0.164134779885781 0.160714501233097 0.156962030924571 0.152911690311151 0.148605097708713 0.144090423698965 0.139421280739442 0.134655303321289 0.129852483953662 0.125073378784935 0.120377296947101 0.116331718389112 0.112105320625627 0.108097151352593 0.104345051051099 0.100878857577402 0.0982093434102982 0.0949360187171604 0.0915374087094053 0.0884686799330073 0.0857388036574779 0.0831866407505798 0.081100594018924 0.0793039366495399 0.0777711835473744 0.0764760450058499 0.0764844489327795 0.0755781686891084 0.0748186613047589 0.0741829505956373 0.0732597138662694 0.0726245000650655 0.0721515632538289 0.071704316725168 0.0712582124902421 0.0707922682155133 0.0713006726489805 0.0707312969620877
0.174936304889861 0.176348856060632 0.177519041752858 0.178426890047652 0.179051893108606 0.179732615971189 0.179720730855157 0.179368504480433 0.178658475240248 0.177575937353895 0.176109759935301 0.174253236866943 0.172004925944711 0.169369441755232 0.166358136934328 0.1629896150474 0.15929000928258 0.155292960790143 0.15103926281734 0.146576141465792 0.141956179648487 0.137235934598449 0.132474304320017 0.127730756994902 0.123063517736348 0.11898853792568 0.114775689322704 0.110770802030785 0.107008075031888 0.103507355357621 0.100686548749468 0.0973921780861115 0.0940367018122599 0.0909404296614985 0.0881552904036609 0.0855474648725196 0.0833763553183807 0.0814856927201872 0.0798527886756372 0.0784536637493969 0.0783475967171225 0.0773372286287585 0.0764733412022791 0.075341655473128 0.0747107338155957 0.0738497490525535 0.0732938968606063 0.0727691077957298 0.0722544255135013 0.0717323187202708 0.072180687955666 0.0715850285168674
0.17675079762437 0.178202552929959 0.179409095623705 0.180351161807505 0.181008921591362 0.181724593283173 0.181743970604573 0.18142354715419 0.180746310712642 0.179697942156367 0.178267619635271 0.176448845302314 0.174240264585103 0.171646437082094 0.168678501255482 0.165354671670106 0.161700513317952 0.157748919856034 0.153539772997968 0.14911923800714 0.144538710706394 0.139853455361393 0.135120972384297 0.130399198434107 0.125744594109638 0.121616610208843 0.117392064067953 0.113356428297466 0.109533779395283 0.105923945805765 0.102879774753168 0.099561768073536 0.0963152879668999 0.0932581835175813 0.0904594208945291 0.0878246998060153 0.0855877181622993 0.0836176319814451 0.0818962082838611 0.0804026533036672 0.080186620368575 0.0790796961601439 0.0781181684315921 0.0768923581161635 0.0761642782788106 0.0750842345330731 0.0744514321104832 0.0738548488818119 0.0732763092601642 0.0727007587108184 0.0730882171724562 0.0724640089930611
0.178738658978361 0.180228470309931 0.181469327020224 0.18244276178357 0.183507877830206 0.183875110015859 0.183921029516394 0.183627240196817 0.182977232962521 0.181957125870603 0.180556442482372 0.178768922616331 0.176593317992574 0.174034141325274 0.171102311737378 0.167815639361925 0.164199090586228 0.160284771004944 0.156111585853828 0.151724557871053 0.147173789125534 0.142513107051991 0.137798427997337 0.133085918465242 0.128429983368172 0.124229736740546 0.119975730086705 0.115890522636625 0.111992888802547 0.108281919954365 0.105083497519318 0.101734687518901 0.0985195641915372 0.0954882477580502 0.0926852672252994 0.0900384442859715 0.0877482637608835 0.0857099525831253 0.0839097379689249 0.0823301780721394 0.0820083593378024 0.0808119350149504 0.0793676989020143 0.0784450547556378 0.0776256332681078 0.0763317468474051 0.0756272132814293 0.0749636242109156 0.0743250145720544 0.0736981857588911 0.0740238373505379 0.0733695198797002
0.188495361218818 0.190350041513028 0.191918504335091 0.193579043218665 0.194489860437299 0.19505296076822 0.195246439238924 0.195050181778643 0.194446609721723 0.193421474485204 0.191754997278808 0.189855950514428 0.187520491898527 0.184755760778746 0.181576060905452 0.175853035035091 0.1720708540324 0.167977742683303 0.163615019485442 0.159029787636693 0.154273810573748 0.149402098042051 0.144471231396423 0.139537507556188 0.134654931646221 0.1284770547261 0.124040122032006 0.119761832434074 0.115662100919506 0.111747545201476 0.108013976544543 0.104457543242232 0.101088663954529 0.0979314708983414 0.095010030858849 0.0908089994657562 0.0884703170032797 0.0863839898606472 0.084537126411621 0.0829128426415082 0.0814917283882022 0.0802527704750417 0.0787864654572767 0.0778506968484572 0.0770289381272842 0.0768231010993206 0.0761057686989655 0.0754366566856704 0.0747965879004479 0.0741698328335573 0.0737169388515145 0.0730537139828233
0.190919101395796 0.192818083272878 0.194850759820576 0.19611696388962 0.197054490447902 0.197641064072601 0.197855501850476 0.197678385510019 0.197092780348496 0.196085016050064 0.19444790522531 0.192567427758242 0.190251053690533 0.187505963132503 0.18434630963975 0.178581545444453 0.174816083330344 0.170738641388526 0.166389646919625 0.161815145771438 0.157065700394104 0.152195002333221 0.147258221862682 0.142310183347987 0.137403403979486 0.131100093919447 0.126617811462519 0.122282444408938 0.118116168362712 0.114131899036798 0.11033582804422 0.106733106245787 0.103333404795096 0.100150971736218 0.0971996159160366 0.0930185533252093 0.0906254124398202 0.0884741325807013 0.0865536947590546 0.0848492298516739 0.0833431876304077 0.0816270405163219 0.0804637469274519 0.0794374795588642 0.078526226759875 0.0782288990959052 0.0774305250292855 0.0766859736930787 0.0759777247638986 0.0752913627750501 0.0747771225570626 0.0740737169064218
0.193551740699365 0.195496156818217 0.197563839303528 0.198859202646319 0.199820814851442 0.200427229092097 0.200658083355988 0.200494753343155 0.199921051675638 0.198923981033211 0.19730932805025 0.195439820459819 0.193134584984433 0.190400916616162 0.187252883617614 0.181436654627951 0.1776791404649 0.173608548380216 0.169264464914298 0.164691931272517 0.159940378878183 0.155062278204177 0.15011154288065 0.145141765775735 0.140204362126225 0.133768391983978 0.129238195831122 0.124846424261122 0.120617720097333 0.116569516469073 0.112713730276626 0.109059715095658 0.105616872486908 0.102394961237193 0.0994022384942644 0.0952377580233457 0.0927866618198414 0.0905696532672182 0.0885765931335989 0.0867939054507429 0.0852054339997151 0.0834078349946808 0.082157350588517 0.0810435965217836 0.0800458682685756 0.0796596343161542 0.0787830725241409 0.0779654880829593 0.0771907548104205 0.0764455315477442 0.0758694794000561 0.0751246814363717
0.196407269702887 0.198854193331208 0.200497084749716 0.201820921386189 0.202804652342146 0.203427752015979 0.203670784328624 0.203516029500632 0.202948163210798 0.201954981106726 0.200355601132299 0.198489142293085 0.196186721116571 0.193455847419853 0.190310598843215 0.184432944810171 0.180674284038982 0.176601483395169 0.172253366632883 0.167674056821101 0.162911953509266 0.158018434569061 0.153046324545012 0.148048219550697 0.143074740196763 0.136499973735091 0.131919720364345 0.127471477214374 0.12318190711572 0.119071449922591 0.115155320960825 0.111445120663007 0.107950256117901 0.104678352774913 0.101634676681232 0.0974828294068655 0.0949689774064834 0.0926836846144296 0.0906171350687177 0.0887565277194141 0.0867005482587281 0.0852090654320863 0.0838733203916462 0.0826742052455662 0.0815922254451697 0.081118963361283 0.0801663671015764 0.0792775299250889 0.0784375084156725 0.0776338531009981 0.0769954046933809 0.0762080985508423
0.199996366576305 0.201984628368847 0.203665216179682 0.205017953484578 0.206022755166401 0.206660107208401 0.206911604451365 0.206760553036707 0.206192621498011 0.20519653223667 0.203605070550133 0.201733501296681 0.199425246040523 0.196688159286363 0.193536451071793 0.187587160865143 0.183817887135593 0.179733500566851 0.175372165882162 0.170777195277284 0.165996072251034 0.16107921483958 0.156078515498429 0.151045754194061 0.146030962873534 0.139311457881301 0.134678480689361 0.130172381226378 0.125821308335997 0.121647680916021 0.117668728146611 0.113897413654827 0.110343312823442 0.107013062838066 0.103910346628901 0.0997671912648441 0.0971853181216642 0.0948281699559054 0.0926860116065749 0.0907465036023485 0.088612849444639 0.0870378818689589 0.0856178321402202 0.0843346127166591 0.0831698168218737 0.0826107107015886 0.0815835596195967 0.0806246599842394 0.0797200745528684 0.0788581008720553 0.0781565216725027 0.0773256082236622
0.205738037252986 0.207953830128368 0.209836545915063 0.211363946422384 0.212514119746581 0.21212486588842 0.212424117725426 0.212296576821086 0.211728249227095 0.210708481831 0.209230675433108 0.207292996306858 0.204899051043913 0.202058494006543 0.198787511512131 0.195109134729663 0.191053330799659 0.186656812815624 0.181962554623946 0.177018970997301 0.171018188049485 0.165884066130456 0.16066138218294 0.155404485773454 0.150165952820731 0.14499500442784 0.139936132276996 0.135028027764644 0.130302931982918 0.125786446288483 0.121497802749352 0.117450485246652 0.113652980573919 0.110109466140057 0.106820327830796 0.103975760266399 0.101201728531391 0.0986554142123608 0.096326755584876 0.0938210769427757 0.0918933150579755 0.0901418869971767 0.0885503892515438 0.0871017628918958 0.0857786831857451 0.084690740720294 0.0835567331217313 0.0824994428464036 0.0815054612890527 0.0805634408980696 0.0796644043935394 0.0788018329274762
0.209320738199039 0.211602016669936 0.213536943602323 0.215104116436471 0.216282609213806 0.21590230937048 0.216208781651095 0.216080535900159 0.215504838785828 0.214472267143695 0.212977375796061 0.211019367577745 0.208602726170253 0.205737787172408 0.202441194126257 0.19873619671604 0.194652733388391 0.190227258660822 0.18550227717604 0.18052557533213 0.174435570338321 0.169262160640308 0.163995986592045 0.158690779230766 0.153398689269508 0.148168778500177 0.143045700370726 0.138068646009548 0.133270660692245 0.128678347271681 0.124311962677524 0.12018583609395 0.116308963699127 0.112685661344041 0.10931616908284 0.106347868816635 0.10349502957735 0.100868504076715 0.0984582404877143 0.0958736002032116 0.0938619908276821 0.0920263567528978 0.0903509129535569 0.0888193185140002 0.0874150489176207 0.0862409085763749 0.0850330959605214 0.0839062377398841 0.082847640028052 0.0818464737562121 0.0808940202878741 0.079983734789418
0.213160937689893 0.215517610258966 0.217512692883041 0.219125545422713 0.220336203242622 0.219966740367915 0.220280222833676 0.220149190620346 0.21956230977708 0.218511551626276 0.216992813559562 0.21500653514394 0.21255828683563 0.209659297880381 0.20632687918165 0.202584698633109 0.198462858864599 0.193997731425007 0.189231518825213 0.184211524934748 0.178021940376405 0.172800047153311 0.167481852110278 0.162120529171675 0.156767825692445 0.151472614784852 0.146279612851428 0.141228341162573 0.136352410159023 0.131679151209395 0.127229604441581 0.123018807208152 0.119056289818365 0.115346684877671 0.111890358891693 0.108790852162837 0.10585371243048 0.103142191274815 0.100268114263021 0.0979793928080807 0.0958813640048267 0.0939595739350473 0.0921987608226109 0.090583198955604 0.089097054931576 0.0878360849298406 0.0865540926318999 0.0853572334254511 0.0842334125826327 0.0831722306038308 0.0821651801891675 0.0812056917149786
0.217263636241582 0.219708253355981 0.221774038212237 0.22344098315353 0.224690003824634 0.224335443167641 0.224657643691326 0.224523400361186 0.22392289779629 0.222849662464243 0.221301123610159 0.219279172620584 0.216790693744696 0.213848046564507 0.2104694454639 0.206679207872694 0.202507821901426 0.197991780830431 0.193173170209728 0.188098978278429 0.181798782106503 0.176518353744677 0.17113869009194 0.165712462278292 0.160291028506073 0.154923040509435 0.149653198781914 0.144521223117824 0.139561120127603 0.134800770869412 0.130261839831859 0.125959984564168 0.121905273237719 0.118102754122287 0.114553081954247 0.111314947836196 0.108287823365356 0.105109068783092 0.102526025923301 0.100147202023849 0.0979595575507857 0.0959490022416051 0.094100725497129 0.0923995328514561 0.0908301862290483 0.0894811531645202 0.0881240379865167 0.0868562360181536 0.0856661504837971 0.0845437334648475 0.0834806451140579 0.0824702865055037
0.221630132322613 0.224178084553111 0.226327995592802 0.228060287131108 0.229356611504998 0.229023627600904 0.229358631203481 0.229222870669224 0.228608142337111 0.227509668173082 0.22592659123401 0.22386246942391 0.221325744648384 0.218330159467884 0.214895095226599 0.211045777965404 0.206813329345879 0.202234600058955 0.197351772546368 0.192211706604835 0.185789129450172 0.180439160906222 0.174987552692163 0.169486533873472 0.163987096745229 0.158537653932557 0.153182831830166 0.147962456755828 0.14291081576561 0.138056214552965 0.133420837535245 0.129020896688571 0.124866990419903 0.120964632328542 0.117314860439175 0.113930569347831 0.110807480835633 0.107537427278972 0.104859111988529 0.102385825142614 0.100104792136577 0.0980022522012508 0.0960637930005147 0.0942746821030144 0.0926201945196112 0.091181293082917 0.0897475635627362 0.0884073814821378 0.0871495584480989 0.085964329477419 0.0848434811935439 0.0837803764557421
0.215345129152255 0.2289267926545 0.231177317047638 0.232989326324931 0.234344986238969 0.235228438040994 0.235626201343137 0.235527595170679 0.234925173614852 0.233815168216174 0.232197936336764 0.230078405312912 0.22746649041253 0.224377472633868 0.220832299113168 0.216857770948593 0.212486576597446 0.207757124990801 0.202713148731414 0.197403058025607 0.19187903264955 0.186195892765616 0.180409768225155 0.174576663106472 0.168750984084476 0.162757757199009 0.157188989936834 0.151761749992624 0.146510913097335 0.141465185707328 0.136646988516098 0.132072621234033 0.127752632534433 0.123692359634776 0.119892549557116 0.11635001574519 0.112687797980216 0.10963977642511 0.106822388606323 0.104222615387471 0.101992389092776 0.099787101033137 0.0977530024780164 0.0958747463051186 0.0941371261454124 0.0925253939486097 0.0910255679532322 0.0896247183530565 0.0883112177817711 0.0870749293286448 0.0861942738887665 0.0850806781216435
0.219895074828259 0.223207505964387 0.22605321640252 0.238228835246138 0.239659217722989 0.240595358832176 0.24102477352932 0.240938120687652 0.240329582867636 0.239197242469541 0.237543451494576 0.235375191499552 0.23270440292034 0.229548280016972 0.225929495559193 0.221876328922847 0.217422659289624 0.212607774608122 0.207475984280301 0.202075989489164 0.196460025582495 0.190682788031609 0.184800169187606 0.178867896941559 0.172940125594374 0.166806861145901 0.161130689855609 0.15559335449685 0.150229953643136 0.145069546940024 0.140135010648464 0.135443162030516 0.131005088978869 0.126826653349075 0.122909085629676 0.119249627972825 0.115476522345877 0.112313894084165 0.109383793574327 0.106673470771562 0.104324748370986 0.102015546694198 0.0998805167853102 0.0979046717676978 0.0960731911614506 0.0943717225744056 0.0927866669146796 0.0913054348733328 0.0899166661626176 0.0886103881523495 0.0876648096800507 0.0864932222773959
