R/Data/side_v1_12_4.asc
NCOLS 365 
NROWS 740 
XLLCORNER 0.791666667335165 
YLLCORNER 6.2083333340009 
CELLSIZE 0.00833333332967033 
NODATA_value -9999 
[rows 437 to 459 of 740, columns 104 to 155 of 365]
0.0027950878715761 0.00286135144691067 0.00293389906228752 0.00301319100344532 0.00309972177364107 0.00319402085455441 0.00335677933854378 0.00346804812680061 0.00358881628516643 0.00371973365487175 0.0038314672089665 0.00396021419951779 0.00412563473563702 0.00430396738280299 0.00449590774501665 0.00470212487849192 0.00492324298393783 0.0051598188548148 0.00541231568383838 0.00568107176964134 0.0059662640881772 0.00626786606132229 0.00658559920010316 0.00691887883774379 0.00726675352989129 0.00762783946075373 0.0080002513291876 0.00838153224360482 0.00876858760967007 0.00915762787010937 0.00954412935159643 0.00992282225246697 0.0103308056731157 0.0105988006052121 0.0109146861573248 0.0111955569587571 0.0114340351184365 0.0116231197396165 0.0117565945505296 0.011829449163871 0.0118382712976321 0.0117815599332261 0.0116599131433035 0.0114760578608327 0.0112347084496874 0.0153422597464057 0.0150359201259072 0.0146856459086883 0.0142998876091578 0.0138870764168493 0.0134552623431343 0.0130118476280832
0.00267432750496197 0.00273585977674778 0.00280346234993269 0.00287758864657622 0.0029587272277518 0.00304740285351019 0.0031441768742037 0.00330347468745533 0.00341791366141778 0.003542280634038 0.00362641087502221 0.00377266486646905 0.00393092895244451 0.00410192549358919 0.00428636873161027 0.00448494942289589 0.0046983162444663 0.00492705291691703 0.00517165158346478 0.00543248062085545 0.00570974709483857 0.00600345350491244 0.00631334731651295 0.00663886513543596 0.0069790695131352 0.00733258112100272 0.00769750712188727 0.0080713691076349 0.00845103529135743 0.00883266330937058 0.00921166238636913 0.00958268571219621 0.00993966514940646 0.0102759024229666 0.0105842269929459 0.0108243079306644 0.0110538031645534 0.0112337058863777 0.0113579944759766 0.011421936350491 0.0114224709369147 0.0113585013305037 0.0112310496585981 0.011043247738992 0.0108001556953574 0.0105084288423413 0.0101758752016582 0.0106033634168542 0.0102130213880914 0.00980547693689342 0.00938853314619704 0.00896915420381718
0.00256193098268556 0.00261926285063596 0.00268247012852332 0.00275199964649628 0.00282833429435651 0.00291199421496415 0.00300353745782115 0.00310355976900427 0.0032608582651532 0.00333922809759633 0.00346807848933814 0.00360802491979374 0.00375273884996965 0.00391713036422124 0.0040948136944097 0.00428649781939738 0.00449285178230118 0.00471448176259192 0.00495190354566302 0.00520550975525166 0.00547553133265556 0.00576199261716757 0.00606465957892106 0.00638298179483802 0.00671602706214989 0.00706241130351564 0.0074202245362789 0.00778695691689594 0.00815942994882394 0.00853373927458039 0.00890521932965516 0.00926844052441672 0.00961725236110688 0.00994488618784545 0.0102441285730157 0.0105075722278489 0.0107279435637366 0.0108664260547148 0.0109807565275611 0.0110350299859944 0.0110265691133658 0.0109547064564801 0.0108209045344153 0.0106287048713084 0.0103835056178635 0.0100921962252479 0.00976269364256599 0.0101523737550776 0.00977074934360933 0.00937423229479709 0.008970313025471 0.00856559820884654
0.0024577617865195 0.00251136162944198 0.00257065839839002 0.0026360927172778 0.002708142083206 0.00278732224256447 0.00287418805988151 0.00296933345045169 0.00308107947409803 0.00319431291817794 0.00331774551701747 0.003452095503987 0.00359809992043616 0.00375650482883539 0.00391995687616798 0.00410540685528197 0.00430541126918276 0.00452059456833138 0.00475149171249162 0.00499851438928241 0.00526191146556864 0.00554172277422339 0.00583772562103383 0.00614937469705345 0.00647573471071843 0.00681540777401945 0.00716645737087056 0.00752633253343511 0.00789179835606594 0.00825887966252237 0.00862282847359862 0.0089781271162481 0.00931854071020723 0.00963723310093378 0.00992695630520119 0.0101803198318346 0.0103901360576917 0.0105498245071884 0.0106538457391682 0.0106981205558067 0.0106493528790845 0.0105690890822809 0.0104285208485083 0.0102315987017367 0.00998404708115251 0.00969296730795495 0.0093663573818596 0.00901260913906783 0.009346931722974 0.00896116054172756 0.00856991555185014 0.00817943678170164
0.00236151121719829 0.00241178778426218 0.00246759708228542 0.00252937396169211 0.0025975908706168 0.00267275944801357 0.00275543153588495 0.00285394641021672 0.00295314161400166 0.00306166868225051 0.00318022357467804 0.00330953026603865 0.00345033329423943 0.00360338819236642 0.00376944879903375 0.0039492515951691 0.00414349621681747 0.00434378986494739 0.00456874790201899 0.0048097629751542 0.00506709665563492 0.00534079829891052 0.00563064982138387 0.00593610379548579 0.00625621369366616 0.00658955916061001 0.00693416793618222 0.00728743846570284 0.00764607019970902 0.00800600833403405 0.00836241523603912 0.00870968044064753 0.00904148357914168 0.00935092470637224 0.0096307311094964 0.00987354548708571 0.0100722891479052 0.0102205793575668 0.0103131679049255 0.0103463526937602 0.0103183103680056 0.0102292999413268 0.010625013892934 0.0104291131534541 0.0101839870965385 0.00989688434894771 0.00957583114252874 0.00922913254340494 0.00886491941132014 0.0084907803539954 0.0081134986657172 0.00781047125962684
0.00227275252120246 0.00232005957662236 0.00237274767712865 0.00243124627927677 0.00249602314510117 0.00256758616034505 0.00265427624831863 0.0027408797513058 0.00283598851063156 0.00294026711521407 0.0030544150323351 0.00317916141874381 0.0033152574979927 0.00346346705458887 0.00362455353977902 0.00379926409522211 0.00398830979648329 0.00419234108238599 0.0044119187711983 0.00463752209258376 0.00488929657233099 0.00515737571060573 0.00544153985591591 0.00574123249519569 0.00605548819970189 0.00638285580886371 0.0067213183960217 0.00706821476173766 0.00742016954083558 0.00777304014674219 0.00812189257018051 0.00846101951573123 0.00878401506344482 0.00908392046869815 0.00935344953514943 0.00958529598579863 0.00977251442012966 0.00990894885119669 0.0099896731964215 0.0100113918961766 0.00997274717991756 0.00987448570979084 0.0102298225756944 0.0100288317612143 0.00978116784427091 0.00949424152216484 0.00917610263868922 0.00883494868133265 0.00847869144042055 0.00811461805395863 0.00774915903578618 0.00738776223692946
0.00219098819923112 0.00223563020829699 0.00228551242461434 0.00234105938539307 0.00240273457416703 0.00247886377722765 0.00255419102790826 0.00263724484785582 0.00272865199838724 0.00282907897680191 0.00293922859459995 0.00305983474960351 0.00319165484971447 0.00333546004613979 0.00349202218086657 0.00366209753000433 0.00384640659231409 0.00404560905121545 0.0042602738679763 0.00449084286964324 0.00473758773845792 0.0050005595430801 0.00526857359280297 0.00556289555155694 0.00587165408396915 0.00619335921807628 0.00652594086588869 0.00686666922540554 0.00721208561660751 0.00755795192216668 0.00789923173613869 0.00823011787052077 0.00854411992557081 0.00883422690659854 0.00909315188054896 0.00931365938944987 0.00948896248551728 0.00961316161313132 0.0096816833014658 0.00969166551707607 0.00964223610315729 0.00953463827476033 0.00985210410594881 0.0096460605459404 0.00939594561949853 0.00910930025470585 0.00879416381357325 0.00845859491420579 0.00811026160374524 0.0077561328389368 0.00740227806126702 0.00705377045926749
0.0021156881812496 0.00215792617726214 0.00220527315046326 0.00225814900760125 0.00232484960022827 0.00239008993617146 0.00246233060232114 0.00254215611263406 0.00263019390156926 0.00272711241844488 0.00283361774950641 0.00295044837049615 0.0030783674383773 0.00321815280839961 0.00337058382991878 0.00353642462383887 0.00371640339489116 0.00391118687674729 0.00412134956399895 0.00434733628002012 0.00458941797434899 0.00484763955695301 0.00512175944758395 0.0054111814500208 0.00570292589372922 0.00601924985950169 0.00634618562894722 0.0066809265290035 0.00701992239631113 0.00735883233046431 0.00769251254890998 0.00801505389149136 0.00831988409581655 0.00859994795794451 0.00884797261826395 0.00905681441051704 0.00921987173556744 0.00933153112685223 0.00938760112898214 0.00938567822260715 0.0093253917378028 0.00920848557688972 0.00903871865020396 0.00927969941960537 0.00902731579083107 0.00874113666784187 0.00842915678461561 0.00809926545037517 0.00775886445394256 0.00741459045698736 0.00707214691562775 0.0068501016540325
0.00210014304099904 0.00213985793918023 0.00218457532223995 0.00218970365373909 0.00224592784915888 0.00230848073567292 0.00237790213267907 0.00245477625438585 0.00253973135745651 0.00263343800307812 0.00273660565168104 0.00284997723418606 0.00297432141552027 0.00311042235770024 0.00325906608138025 0.00342102348823204 0.0035970290304948 0.00378775460287299 0.00399377773008245 0.00421554333635366 0.00445331795434476 0.00470713604510407 0.0049767377833056 0.0052614985090198 0.0055603507063708 0.00587170082373286 0.00618035085090723 0.00650925846008264 0.00684192935793366 0.00717391353822108 0.00749995554976316 0.00781404374683966 0.00810952785361177 0.00837931867404724 0.00861617385281951 0.00881306442147213 0.00896360183240872 0.00906248865664794 0.00910594354985635 0.0090920433632913 0.00902093081771413 0.00889484931497654 0.00871799539233366 0.00892868336103625 0.00867429767432072 0.00838884054688824 0.0080802270381546 0.00775614889085263 0.00742372114312732 0.00717380761283614 0.00684562224345152 0.0065390669143559
0.00203398115626224 0.00207170306012121 0.00211431439478648 0.00211936924554535 0.00217325030931439 0.00223333772564395 0.00230017013019043 0.00237433167500593 0.00245645172881656 0.00254720318737004 0.0026472989799003 0.00275748658623499 0.00287854007541928 0.00301124950505084 0.00315640705194891 0.00331478939398397 0.00348713603726986 0.00367412214465569 0.00387632618053088 0.00409419021126612 0.00432797299188804 0.00457769450810562 0.00484307173528129 0.00512344608581669 0.00541770320061056 0.00572418771619984 0.00604061750164946 0.00636400316428477 0.00669058350304422 0.00700158746879291 0.00731993923624309 0.00762545902154403 0.00791142450111656 0.00817072439063672 0.00839616534348709 0.00858085767394828 0.00871865457354183 0.00880460419921131 0.00883536167105078 0.00880950305929303 0.00872769139209561 0.00904314779204161 0.00886839173955113 0.00865054260517676 0.00839674707450594 0.00811472105277506 0.00781226206316006 0.00749682889334182 0.00717945379819758 0.00685759977974833 0.00670099090667933 0.00639669486252994
0.00196647953679896 0.00201438274241738 0.00205512773238694 0.00210104836872745 0.00210620878325724 0.00216402212792424 0.00222846432935884 0.00230011974786147 0.00237961918280643 0.00246763812812199 0.00256489319760589 0.00267213656711168 0.00279014764887795 0.00291972222795977 0.00306165809800172 0.0032167370345447 0.00338570224057338 0.0035692306345189 0.00376789941692598 0.00398214518709122 0.00421221559226153 0.0044581121148602 0.00471952385675947 0.00499575291099554 0.00528563184145886 0.0055874368410289 0.00589880090412441 0.00621663398897485 0.00653706108286259 0.00685539014787791 0.00716612596859221 0.0074478325591827 0.00772410683870197 0.0079727081680612 0.00818651281798087 0.00836168779258011 0.00848734235065618 0.00856110243837401 0.00858009206193414 0.00854340992596533 0.00886108433515841 0.00872638726507017 0.00854480665118255 0.0083226911503285 0.0080673196529527 0.00778639510372227 0.00748757201157358 0.00731743287396857 0.00700795197149118 0.00669983050577592 0.00639763691065892 0.006104956185236
0.00192215690239894 0.00195643936326564 0.00199539011732011 0.00203941280680508 0.00208895301041228 0.00214450079089872 0.00216218225524919 0.00223151066926131 0.00230857583792831 0.00239405614493151 0.00248867222818678 0.00259318109732354 0.00270836761113798 0.00283503316519706 0.00297398080813362 0.00312599660583449 0.00329182646861262 0.00347214745185511 0.00366753343286935 0.00387841290448317 0.00410501917510879 0.00434733134143153 0.00460500601164991 0.00487730052494584 0.00516298839432529 0.00546027074643401 0.00576668893907668 0.00607904559857194 0.00639334635193715 0.0067047745793826 0.00700771632142091 0.00728095131340025 0.00754777720468438 0.00778593846616763 0.00798840846568917 0.00814866170549895 0.00826113064185533 0.00832164938222741 0.00832782599363685 0.00827928645398757 0.00817774820355228 0.00842197306073264 0.0082340422067254 0.00800815790075523 0.00775169034744323 0.00747229129142199 0.00730203420594542 0.00700275623091869 0.00670115056239211 0.00640241619354824 0.00611076170556108 0.00582943189323773
0.00187016644152048 0.00190287930932565 0.00194016454066696 0.00198242300558906 0.00203009825277157 0.00208367923621894 0.0021437024518066 0.00221075300894704 0.0022427387973652 0.00232585006159121 0.00241800401825137 0.00251996281913698 0.002632516900589 0.00275647321456514 0.0028926397520262 0.00304180622334409 0.00320472010580469 0.0033820571904741 0.00357438592558995 0.00378212415207015 0.00400548756793301 0.00424442897558272 0.00449856791048288 0.00476711163018347 0.00504876861651753 0.00534165855905565 0.00564322451089716 0.00595015565879777 0.00625833329993834 0.00656281359659912 0.00685786483109438 0.00712209698686736 0.00737880501399142 0.00760578931028335 0.00779613936869793 0.00794355117097821 0.00804278840575849 0.00809011530951197 0.00808364232434925 0.0080235290713401 0.00791200751366765 0.00812891344940619 0.00793516316206984 0.00770605164925596 0.00750437940978199 0.00723004586808439 0.00699659802359274 0.00670354948316498 0.00640991584087366 0.00612053851620911 0.00583927518787686 0.00556904499828354
0.00182204816810203 0.00185329901596069 0.00188903055747179 0.00192964108761751 0.00197557230416001 0.00202731230348183 0.00208539780762741 0.00215041539697439 0.00222300148345298 0.00230384037678565 0.00235233415986819 0.00245190594887819 0.00256199802825281 0.00268342291421545 0.00281699326028954 0.00296350181875712 0.00312369664340906 0.00329825065430876 0.0034877248569344 0.00369252378960356 0.00391284231311066 0.00414860303470149 0.00439938373050735 0.00466433632827727 0.00494209831770433 0.0052307016264625 0.00552748471664071 0.0058290176587878 0.00613105322810786 0.00642851873349969 0.00670051940385114 0.00697070164666455 0.00721713370642969 0.00743277996436833 0.00761087212691766 0.0077453573036457 0.00783135951743829 0.00786559764334389 0.00784669942003894 0.00777535936706546 0.00765431074377913 0.00748811061485295 0.00769243883647613 0.0074632943780498 0.00720893859405167 0.00693682409628946 0.00670541225343628 0.0064188175374888 0.00613325057144515 0.00585319923866368 0.00558218155348783 0.00532280615307926
0.00177745660394703 0.00180733933795005 0.00184161491660955 0.0018806791983837 0.00192497224645487 0.00197498148936936 0.00203124417752653 0.00209434867912136 0.00216493452557575 0.00224369050438452 0.00233135041851584 0.0024286863057361 0.00253649853830529 0.00261534319228913 0.00274648360654893 0.00289050685729705 0.00304816052706075 0.00322011308938775 0.00340691606867613 0.00360895797586342 0.00382640951848395 0.00405915908777123 0.0043067380564384 0.00456823763465903 0.00484221850687318 0.00512661858633335 0.00541866578804232 0.00571480577603934 0.00601065940971956 0.00628616979714468 0.00656498570942006 0.00682585423212947 0.00706184932219469 0.00726600391320838 0.00743171958627244 0.00755322469696435 0.00762603209868887 0.0076473372382219 0.00761629601866615 0.00753413446432956 0.0074040685879767 0.00761266004086621 0.00741131581030375 0.00717990059391079 0.00692582881099387 0.00665639530873945 0.0063783998731782 0.00614767277313392 0.00587025722260795 0.00559949341242395 0.00533857207527205 0.00508980862545224
0.00173608523549649 0.00176468233735281 0.00179758786020483 0.00183519536232039 0.00187794344418973 0.00192631909713559 0.00198086031252614 0.00204215763349581 0.00211085414421572 0.00218764349934275 0.00227326555243807 0.00236849900327833 0.00247415104959707 0.00259104347840506 0.00271999496760972 0.00282232157155585 0.00297759601166149 0.00314711261788735 0.00333141119963444 0.00353086148259092 0.0037456065940094 0.00397549661674021 0.00422001177258925 0.00447817715391395 0.00474847071218761 0.00502873035507391 0.00531606770594098 0.00560679941230642 0.00613992302863528 0.00643087353355505 0.00670955782212544 0.0069693008911013 0.00720311401478167 0.00740404913445153 0.00756562738332991 0.00768230628858102 0.00774993215011356 0.00776611621281515 0.00773047497536314 0.00764469215517128 0.00751705487541033 0.00734616567543885 0.00714061904458437 0.00690755713899284 0.00665432305483789 0.00638802269222398 0.00611518150006701 0.00588932177637484 0.0056201264393606 0.0053585988458278 0.00510761725921919 0.0048692204867468
0.00169766334525675 0.00172504772315984 0.00175665918610572 0.00179288910786967 0.00183417477680386 0.00188100292460753 0.00193391261966091 0.00199349684362785 0.00206040270407117 0.00213532929837075 0.00221902299559161 0.00231226975934359 0.0024158839358256 0.00253069361656203 0.00265752197392196 0.00279716429176213 0.0029503602033043 0.00309930263706992 0.00328126181311509 0.00347827148867234 0.00369044089808329 0.00391757468808829 0.00415909421987424 0.00441395024868154 0.00468052979649828 0.00495656305187026 0.00523903889147291 0.00573198188861094 0.00602253324755315 0.00630590776158758 0.00657590615218898 0.0068258039102348 0.00704863596386997 0.0072375726838314 0.00738636374116038 0.00748980823094173 0.00754419451958042 0.00754764636529479 0.00750031881961443 0.00740440815939985 0.00726572448004255 0.00708881441921176 0.00687973364775788 0.00664564959383755 0.00639379634381433 0.00613106307642714 0.00586368443008975 0.00559704244978224 0.00538212701312733 0.00512976802168763 0.00488855820529563 0.00466027845393104
0.00166195251017046 0.00168818905027237 0.00171857411167762 0.00175349701196345 0.00179339382863829 0.001838751241988 0.00189010960817326 0.00194806477379386 0.00201326832907034 0.00208642533119749 0.00216828937195517 0.00225965422473085 0.00236134189810303 0.00247418698073297 0.00259901691345119 0.00273662791105005 0.00286987548408415 0.00303498557730741 0.00321473414702593 0.00340944170465662 0.00361918249807114 0.00384371410547237 0.00408239654212908 0.00433410331137135 0.00459712667209616 0.0048690847869023 0.00514683948304165 0.0054264380241878 0.00591106677747643 0.00618676574053776 0.00644795061898441 0.00668786300360622 0.00689958371841286 0.007076429551876 0.00721240904283501 0.00730269208620609 0.00734403172128219 0.00733507549678082 0.00735014006963319 0.00724723935404422 0.00710198774912237 0.00692023637546601 0.00670874249116442 0.0064746676372521 0.00622511190527288 0.0059667318642236 0.00570546474170771 0.00544636416840331 0.00515559518927503 0.00491231820663677 0.00468069965392945 0.00446228039526225
0.0016287432520345 0.00165389005478696 0.00168310935026779 0.00171678844639796 0.00175536233612655 0.00179931780627642 0.00184919676376973 0.001905598301685 0.00196917896516315 0.00204065044069208 0.00212077422162657 0.00221035259429266 0.00231021578254691 0.00242120515199418 0.00254415221797011 0.00266252586991622 0.00281153914321072 0.00297463670422304 0.00315230637716439 0.00334484057600849 0.00355227462285314 0.00377431447683149 0.00401025381914915 0.00425888318188188 0.00451839437624076 0.00478628802598661 0.00505929429641089 0.00533332127842665 0.00580490487614273 0.00607281325155848 0.00632504663489843 0.00655483057204392 0.00675531615347912 0.00691999559420504 0.00704316729983158 0.00712039970185625 0.0071489301313429 0.00719639919276571 0.00712941706674868 0.00701738712918914 0.00686514310529112 0.00667876648839625 0.00646509744942829 0.00623123949456275 0.00598411731881244 0.00573012593722149 0.00547489011203046 0.00522313151139859 0.00497862930733025 0.00474425236011341 0.00452203989245025 0.00427457884284747
0.0015978518376723 0.00162196129822912 0.00165006949769484 0.00168256177937637 0.00171987216840712 0.0017624877026799 0.00181095207269653 0.00186586797599629 0.00192789746581806 0.00199775957127298 0.00207622444105504 0.00216410372081586 0.00226223647489505 0.00237147116839527 0.00247583038974059 0.0026095769311816 0.0027567453382141 0.00291795335988491 0.00309366691790191 0.00328414678426455 0.00348938528644492 0.00370903208208409 0.00394230921999096 0.00418791864366391 0.00444394599370473 0.00470776905671554 0.00497598248865681 0.0052443534552137 0.0055078275654984 0.00596349084668572 0.00620662671420576 0.00642613896932402 0.00661527507511297 0.00676773300124636 0.00687813155474489 0.00694246360839613 0.00702251895168423 0.00699198782189969 0.00691465865570297 0.00679414263598418 0.00663559919966691 0.0064452945474491 0.00623010648695168 0.00599704212899221 0.00575282211971212 0.00550356331790522 0.00525457235172202 0.00501024327570345 0.00477404124086201 0.00454855097673402 0.00433556617067161 0.00413620103060427
0.00156911732915221 0.00159223696650605 0.00161928365111925 0.00165064083490471 0.00168674159585474 0.00172807331682054 0.00177518176258608 0.00182867358641491 0.00188921694254463 0.00195753889671805 0.0020344192250466 0.0021206797933028 0.0022171692980299 0.002331484455187 0.00242776000202108 0.00255980166906947 0.00270523880202638 0.00286467314501795 0.00303854559252704 0.00322708158827073 0.00343022614961697 0.00364756766934782 0.00387825119937115 0.00412088444330916 0.0043734411936661 0.00463317154362205 0.00489653118700809 0.0051591458486948 0.00541583078378379 0.00566068393398569 0.00609218969141192 0.00630128970187489 0.006478974703291 0.00661917937849704 0.00671687275196743 0.00682877591798498 0.00683445357047424 0.00679262958802066 0.0067055398737277 0.00657720337851327 0.00641306215196636 0.00621952039867578 0.00600345007493918 0.0057717262007496 0.00553084065895386 0.00528661936816632 0.00504404894122099 0.00480720249977008 0.00457924437093317 0.0043624918683361 0.00415851127273972 0.00396823090805165
0.00154239893453434 0.00156457214565503 0.0015906025960706 0.00162087183890678 0.00165581203161533 0.00169591106042245 0.00174810384368506 0.00180022867167816 0.00185936531780015 0.00192625100139369 0.00200167740351124 0.00208647900747276 0.00218151636913844 0.00228765476924193 0.00240573834230569 0.00253656038424564 0.00269981974368515 0.00285809062016735 0.00303078695065858 0.00317340270787704 0.0033745459995409 0.00358965977162272 0.00381780652305142 0.00405749401803041 0.00430657879987203 0.00456217866155545 0.00482060770747573 0.00507735076317943 0.00532709791766514 0.00556385752897561 0.00578116398805491 0.00617984447191846 0.00634599268027666 0.00652934429790449 0.00661607623052908 0.00665691720623769 0.00665064767126632 0.00659804259825836 0.0065018081730594 0.00636633342784777 0.0061972979811792 0.00600119763602742 0.00578485673994337 0.00555498607261132 0.00531782789238527 0.00507890839481167 0.00484289553335438 0.00461355090508626 0.00439375265596203 0.00418556796019588 0.00399035394760802 0.00380887066254751
0.00155510120274189 0.00157620120707823 0.0015706121729546 0.0015997606779196 0.0016335244772167 0.00167239313802643 0.00171691825809173 0.00176771685024231 0.00182547229191931 0.00189093164527777 0.00196489837654996 0.00204821950470476 0.00214176719701707 0.00224641524408266 0.0023630111629043 0.00249234461528617 0.00263511203807352 0.00281048210869366 0.00298157506692041 0.00316716625154238 0.00336708712188081 0.00358078174316376 0.00380721627701108 0.00404478273573234 0.00429120274845094 0.00454344308798391 0.00479765733076905 0.00504917166869361 0.00524130432082775 0.00546979348190684 0.0056776463176525 0.0058621063344036 0.00626872444265442 0.00638593337549861 0.00646010506247369 0.00648864231889551 0.00647084936683401 0.0064080099702029 0.00630327110911238 0.00616135122819781 0.00598812078742299 0.00579012178607559 0.0055740920788022 0.00534654938841308 0.00511347016450996 0.00488007531198468 0.0046507188650048 0.00442886229914364 0.00421711342920153 0.00401730712074104 0.0038306093569573 0.00365762893118247
