R/Data/side_v1_12_7.asc
NCOLS 365 
NROWS 740 
XLLCORNER 0.791666667335165 
YLLCORNER 6.2083333340009 
CELLSIZE 0.00833333332967033 
NODATA_value -9999 
[rows 230 to 252 of 740, columns 102 to 152 of 365]
0.0224882015621783 0.0231461044336751 0.0235912281067632 0.0238417127363553 0.0239248866729195 0.0238714145060142 0.0237109991546067 0.0234698061124873 0.0231692310612598 0.0228255650497612 0.0224502513104866 0.0220505459411469 0.0216304005110763 0.0211913903363116 0.0207335597499002 0.0181261586711725 0.0176723867038119 0.0172007393414548 0.0167105860698715 0.0162018749942458 0.0156752583540066 0.0151321567019436 0.0145747614341174 0.0140059837780867 0.0134293527031275 0.0128488703750375 0.0120545540923301 0.0115172373978568 0.0109866074293229 0.0104666580069329 0.00996106104767031 0.00947304981786768 0.00900533820681036 0.00856007770960144 0.00813884673686481 0.00774266800629587 0.00737204623002107 0.00702702096601202 0.00670722694310398 0.00641196104489869 0.00614025050399891 0.00589092178910149 0.00566266930403666 0.0054541201609594 0.00526389301543853 0.00894166574077897 0.00874883280459636 0.00857176584859113 0.00841611639041606 0.00828062327534045 0.00816415385741739
0.0226766944545328 0.0233339273509903 0.0237720526449891 0.0240112558849254 0.0240808443844864 0.0240130928996723 0.023838870782373 0.0235851209370123 0.0232736938878504 0.0229210374669802 0.0225384785419863 0.0221329465441295 0.0217079501963118 0.0212645953317031 0.0208024909554184 0.0181962419237529 0.0177369732721779 0.0172590837160404 0.0167618016296973 0.0162449981273822 0.0157093076340598 0.0151561893850481 0.014587927798718 0.014007575304559 0.0134188429698079 0.0128259465352866 0.0120063212732866 0.0114584582006299 0.0109174289955901 0.0103874428970591 0.00987236174378324 0.0093755755734249 0.0088999190421392 0.00844762739942331 0.008020329053138 0.00761906593462494 0.00724433668602444 0.00689615341640714 0.00657410724658677 0.00627743785951514 0.00600510478330368 0.00575585909424852 0.00552831447712009 0.00532101466069559 0.00513249586732127 0.00871230652651985 0.00851934678239151 0.00834447294950857 0.00819145597468961 0.00805896615195466 0.00794581551408201
0.0228604037306122 0.0235175360200818 0.0239491125157677 0.0241773844037149 0.0242336377288685 0.0241517342133552 0.0239636871574515 0.023697225976249 0.0233746954924817 0.0230127391159227 0.0226225786632898 0.0222108034664172 0.0217804596921429 0.021332173427038 0.0208651216119013 0.0203777881058402 0.0177945058585407 0.0173096668004124 0.0168045379324026 0.0162789302627388 0.0157334761039998 0.0151696878886546 0.0145899555156602 0.0139974846819941 0.0133961808582973 0.0125082765626479 0.0119471636952233 0.0113884923539426 0.0108368954919555 0.010296800363111 0.00977225685612363 0.00926680715773763 0.00878339884979507 0.00832434144198967 0.00789130175887932 0.00748532961737796 0.0071069059116856 0.006756005233168 0.00643216539441365 0.00613456116558115 0.0058620775671837 0.00561338419974157 0.00538700850405881 0.00518140649159761 0.00499502790803723 0.00847470515311316 0.00827879727875962 0.00810669579264381 0.0079568389073247 0.00782782799193688 0.00771841969905141
0.0230391833051299 0.0236969626749535 0.0241226139825978 0.0243404601064084 0.0243837498897319 0.0242878913753289 0.0240860074120364 0.023806628938962 0.0234726583334068 0.0231009959313913 0.022702778042859 0.0222842398896279 0.0218479465047421 0.0213940379160131 0.0209212681732782 0.0204277829147774 0.020003259309544 0.0173520126978946 0.0168382856863178 0.0163031486115724 0.0157472462183597 0.0151721572839639 0.0145803886634677 0.0139753108375478 0.0130190990041935 0.012449240067936 0.0118770368524767 0.0113073780707001 0.0107451371040651 0.010194958490752 0.00966107686169863 0.00914717902857532 0.00865631553902285 0.00819085796863148 0.00775249851350558 0.00734228115298025 0.00696065656405403 0.00660755035728656 0.00628243766116854 0.00598442004802247 0.00571230139002402 0.00546466401896882 0.00523994417957736 0.00503650553912891 0.00485270788264179 0.00822311399753712 0.00803018377646523 0.00786146788076899 0.00771532006542312 0.00759027290547599 0.00748502905931734
0.0232126933556407 0.0238720778263988 0.0242926389485285 0.0245007606025856 0.024531617353514 0.0244220967615873 0.0242063761533902 0.0239138098685499 0.0235679557071147 0.0231860630777895 0.0227792122303725 0.0223532702387049 0.0219103034049611 0.0214499670051612 0.0209706091023872 0.0204700624219363 0.0200279503147919 0.0194774083545057 0.0168624766153181 0.0163170905035239 0.0157500818238809 0.0151631056903382 0.0145587964661321 0.0135343278932424 0.0129605433061305 0.0123794469548456 0.011795963290534 0.0112152348717916 0.0106423765749467 0.0100822480770383 0.00953926172729663 0.00901723976082528 0.00851932276267998 0.00804793002727646 0.00760476377637871 0.00719084729921775 0.00680658742997749 0.006451848943351 0.00612603457549791 0.00582816526244768 0.00555695758069699 0.00531090152781952 0.00508833741065887 0.00488753261530557 0.00470675386581668 0.00459189163378258 0.00777632982778943 0.00761162589315975 0.0074697391925447 0.0073491348273917 0.00724846388265599
0.0235753449905761 0.0240425363695282 0.0244591019753126 0.0246584477740864 0.0246776104618767 0.0245548536908223 0.0243253173830652 0.0240192074177659 0.0236608871877759 0.0232680906771623 0.0228518841482039 0.0224177515139701 0.021967247894779 0.0214995533858516 0.0210126374942207 0.0205040503193068 0.0200442418511167 0.0194857689602394 0.0189009140159695 0.0182894213758252 0.0157414169766663 0.0151420369544403 0.0145247680915623 0.0134764516789391 0.0128914163051767 0.0122988825980856 0.0117040310397341 0.0111122608395882 0.0105289264640496 0.00995909718885559 0.00940735443266642 0.00887764272506324 0.00837317790885791 0.00789641012214857 0.00744903479371658 0.00703203841295987 0.00664576951747382 0.00629002046162593 0.00596411247432227 0.00566697910828989 0.00539724480492954 0.00515330297833295 0.0049333943854331 0.00473568669179269 0.0045583508118696 0.00444613242160538 0.00751982301041261 0.00735974957306625 0.00722266095409135 0.0071069575782486 0.00701124250719624
0.0237091115715584 0.0243601121099952 0.0246216814123336 0.0248135157613655 0.0248220037947452 0.0246866239471286 0.0244433248833388 0.0241231968463487 0.0237516401295863 0.0233470732735291 0.022920603467215 0.0224773165868791 0.0220182537569853 0.0215421420851125 0.0210466070528877 0.02052894953831 0.0200513523107434 0.0194839706862327 0.0188892703110882 0.0158262715282963 0.0152899653457203 0.0147311531932353 0.0141520831346667 0.0134081364856872 0.0128116435185851 0.0122075833179076 0.0116013949877239 0.0109987330168115 0.010405187399341 0.00982602866516136 0.00926599480875227 0.00872913764923665 0.00821873055104189 0.00773723600784019 0.00728632417887387 0.00686692818084223 0.00647932376360032 0.00612321965297398 0.00579784770097889 0.00550204876927433 0.0052343517570032 0.00499305097577576 0.00477628497002528 0.00458211884709516 0.00440862574130772 0.00429954985936014 0.00726298083736613 0.00710812948669868 0.00697634460744268 0.00686596590273624 0.00677555327131876
0.0238358862780994 0.0244882536721923 0.0248832654451318 0.025054602451394 0.0249649275338363 0.0248178097350948 0.0245608521035798 0.0232041523578081 0.0228239731438202 0.0224226595965374 0.0220102875043479 0.0215902765249113 0.0211619266424727 0.0207224038890599 0.0202679888714563 0.0197948135268652 0.0192993115738535 0.0168111952356304 0.0163139580950074 0.0157923259284195 0.0152463013421375 0.014677065410291 0.014086988682066 0.0133292240165286 0.0127211879439745 0.0121056404677097 0.0114882787806094 0.0108750085644507 0.0102716479142459 0.00968365672990076 0.00911591458746863 0.00857256245583323 0.00805691154344012 0.00757141673745931 0.0071177037788048 0.0066966352626295 0.00630840066910717 0.00595261488232933 0.00562841405170086 0.00533454330036614 0.00506943472521431 0.0048312825619783 0.00461812169871598 0.00442791286309826 0.00425862955993124 0.00415313521605291 0.00700783791557648 0.00685875700213712 0.00673273630966195 0.00662806011920484 0.00654325106728395
0.0239541536330526 0.0246098107018051 0.025001082829478 0.0251636344884348 0.0240802975634721 0.0238925618402191 0.0236047807842188 0.023250299544223 0.0228573828191281 0.0224455997078612 0.0220247793923437 0.0215975777454539 0.0211625883140142 0.0207164828201617 0.020255225261376 0.0197747399373878 0.0192713161918962 0.0167851085315331 0.0162790751500865 0.0157479608298645 0.0151917983666258 0.0146118432254387 0.0140105893499832 0.0132395798187338 0.0126200563892181 0.011993206045257 0.0113649800882759 0.0107415281782483 0.0101288850736313 0.00953268548400843 0.00895793246827585 0.00840883560036719 0.00788872268852195 0.00740001976742223 0.00694428907137504 0.00652230630190241 0.00613416203547526 0.00577936907280393 0.00545696382995963 0.00516559517016331 0.00490359961296015 0.00466907257689398 0.00445994512018529 0.0042740720750519 0.00410932595223193 0.00400778698732425 0.00675614928189068 0.00661333128074355 0.00649347953506113 0.00639482919715833 0.0063158726588388
0.0240617955757158 0.0247229600689156 0.0251128466359461 0.0252689553397524 0.0241655191482493 0.0239670129398031 0.0236658950987016 0.0232964904339463 0.0228896476969366 0.0224663015158377 0.0220359303019546 0.0216003458927187 0.0211574693217229 0.0207035533126305 0.0202343076043774 0.0197454874344813 0.0192332545868107 0.018694447316638 0.0162334625089474 0.0156924529875538 0.0151258767767205 0.0145350612471083 0.0139226205387063 0.0132923914101352 0.0125083092673235 0.011870500897116 0.0112318763637653 0.0105988190357546 0.00997756555566038 0.0093739071902162 0.00879294963391545 0.0082389488817483 0.00771522660898469 0.0072241587042744 0.00676722537606282 0.00634510049674984 0.00595776497561811 0.00560462370105521 0.00528461208967531 0.00499628522952114 0.00473788837811322 0.00450742171234242 0.00430271344582033 0.00412151120902498 0.00400430806234447 0.00386430806779362 0.00374150889960896 0.0063732783301874 0.00625993703810187 0.00616757541987028 0.00609466346389415
0.0241559191654678 0.0248250225410608 0.0252163102930375 0.0253689558899216 0.0242493531286636 0.0240420832555656 0.0237280235940796 0.0233423607834825 0.0229199824288217 0.0224836666161807 0.0220423638347107 0.0215969829993223 0.0211448421673505 0.0206818550182631 0.0202035246308444 0.0197054529493641 0.0191836715819154 0.0186349083404765 0.0161761576697886 0.0156250147592627 0.0150479316823957 0.0144463005863386 0.0138228510506974 0.0131815834559741 0.0123860728256871 0.0117378243739608 0.0110894325358986 0.010447499664892 0.00981844638125953 0.00920819958525981 0.00862194424932518 0.00806395899731363 0.00753753613049636 0.00704498109293033 0.00658767452032923 0.00616617556082871 0.00578034770485089 0.00542948484029855 0.00511242352054544 0.00482763093779457 0.00457326884086921 0.00434724818110808 0.00414729637702652 0.00397105247193181 0.00385840290299609 0.00372340641928303 0.00360556429132241 0.00613977656555919 0.00603321969818282 0.00594734554850427 0.0058806104921365
0.0242326850264288 0.0249121527876231 0.0253079176772255 0.0254607633047587 0.0243301060567448 0.0241172599733923 0.0237910293654273 0.023386990443998 0.0229468326048266 0.022495740385598 0.0220418415788931 0.0215850967849468 0.0211222980143256 0.0206490754919427 0.0201607371838468 0.0196527149018175 0.0191208853317236 0.0185618415726736 0.0161061134629996 0.0155448217936658 0.0149573585617198 0.0143451731825438 0.0137111043898064 0.0130593098582834 0.0122535530752066 0.0115955650650781 0.0109382068897983 0.0102882821900817 0.00965237446565225 0.00903652226917135 0.00844596499927226 0.00788497882407537 0.00735680417553393 0.00686365657185776 0.00640680215984329 0.00598667556114762 0.00560301772408879 0.00525501238249663 0.00494140276059995 0.00466057803469653 0.00441062793541687 0.00418938305439998 0.00399447278759565 0.00382342504787903 0.00371555334781238 0.00358569895290781 0.00347290454210465 0.00591378714103139 0.00581421895945368 0.00573496513948822 0.00567447820502793
0.0242872146520058 0.024979037099624 0.0253821749437921 0.0244682998457431 0.0244042662777243 0.0241911604146929 0.0238543625767479 0.0234281913829565 0.0229671104457265 0.0224991168612434 0.0220308667519537 0.0215612689510517 0.0210866350322058 0.0206023179378352 0.0201033930344375 0.0195850737923024 0.0190430382456205 0.0184737142391579 0.0160222427457269 0.0154510538946438 0.0148535913307258 0.0142313541288466 0.0135872849565285 0.0124999688489275 0.0118701208868453 0.0112321311001665 0.0107788565711688 0.0101219733843772 0.00948028334649169 0.00885991049871136 0.00826612203215438 0.00770316690668471 0.00717421193346324 0.00668136527703211 0.00622576678693398 0.00580771982730896 0.00542684219268866 0.00508221152700588 0.00477248726980113 0.00449599489033332 0.00425076781489887 0.00403456824372026 0.00384493075717522 0.00367926755050856 0.00357633568658201 0.00345171690571813 0.00334401719135999 0.00569608524466532 0.00560363969523776 0.00553107246873838 0.00547684310468006
0.0243137134461092 0.0250188278650485 0.025431105825677 0.0245206453885456 0.024463949563105 0.0242596245879162 0.0239162743115012 0.0234601548423148 0.0229746308375378 0.0224881662224449 0.022004325773742 0.0215209185766814 0.0210338488047843 0.0205381589346312 0.0200286166038759 0.0195001497552613 0.0189481921642172 0.0183689810748631 0.0177598220095445 0.0153429526295659 0.0141711084423727 0.0135889908898763 0.0129837918098157 0.0123595382274372 0.0117215175934699 0.0110759949520814 0.0104298497148297 0.00994947197049414 0.009303186432728 0.00867946491500003 0.00808357528483518 0.00751971468779012 0.00699095622400668 0.00649928609843859 0.00604570906502276 0.00563039474741056 0.00525284064104577 0.00491202685701265 0.00460654301981385 0.00433466944005535 0.00409440416110889 0.00388345680065291 0.00370342414257506 0.00354293419278395 0.00344124575973198 0.00332191356330369 0.00321931344762595 0.00548729180203654 0.00540203246757627 0.00533615078643378 0.00528812597073541
0.0243059462332758 0.0250236747927488 0.0254446557878748 0.0245413543488351 0.0244919671185169 0.0243021907871675 0.0239635015667275 0.0234659401930225 0.0229585931698739 0.0224548019981448 0.0219554974570778 0.0214584226463839 0.0209593140170138 0.0204528484246357 0.0199333984859039 0.0193955497611259 0.0188344692430809 0.0182462013482205 0.0176279287387389 0.0146103199689429 0.0140454673854442 0.0134550840887824 0.0128418549987521 0.0122099434776634 0.0115648007355623 0.0109128660804232 0.0102611853802427 0.00961698467077081 0.00898724964479584 0.00849633819274945 0.00789951965612271 0.0073358320277319 0.00680823649806411 0.00631858546173949 0.00586774334073553 0.00545574709923714 0.00508198116692122 0.00474534068759921 0.00444436354899151 0.00418281941752926 0.00394844820826489 0.00374320985072494 0.00356451423348864 0.00340955022659339 0.00327552228861217 0.00319667258995549 0.00309913732216132 0.00528790438097878 0.00520982338458359 0.00515055726433586 0.00510862003521736
0.0237824223768811 0.0245023330635291 0.0249204883080632 0.0250849959702008 0.0250498567277339 0.024265063203985 0.0239070468391649 0.0234226149785633 0.022907578512073 0.022389769727152 0.0218766356122047 0.0213675886245341 0.0208582132655786 0.0203426770210885 0.0198148926002692 0.0192691024334002 0.0187002346666312 0.0160759948691824 0.0155228431817903 0.0144801317626817 0.0139077993217802 0.0133101527157566 0.0126899755522657 0.0120515643415378 0.0114005239512211 0.0107434517834471 0.0100875371531161 0.00944011869649677 0.00880824955246375 0.00819831985437886 0.00771516531804628 0.00715272870569153 0.00662723900653253 0.00614040548315004 0.00569294989057512 0.00528478091796888 0.00491518013767415 0.00458832287745462 0.0042937116824385 0.00403267638498899 0.0038033321177828 0.00360342680656753 0.0034302788683385 0.00328091248719669 0.00315236740292049 0.00304081541543118 0.00294740771353171 0.00286795213150009 0.00502734087927446 0.00497454741867441 0.00493851390956709
0.0236898535915775 0.0244184679047487 0.0248413781474628 0.0250081630807043 0.0249740480127059 0.0247805870721752 0.023817900201902 0.0233408779555584 0.0228149342930716 0.0222834990046661 0.0217597406323787 0.0212424633306972 0.0207262198030735 0.0202044955102892 0.0174747986738686 0.0169802620135574 0.0164680869199338 0.0159340651640671 0.0153751417257354 0.0143366855743713 0.0137580444439256 0.0131543530452122 0.0125285024713442 0.0118849213899691 0.0112293591566178 0.0105685538887821 0.00990981506727084 0.00926056579147397 0.00862789702884117 0.00801818552481231 0.00743681070377901 0.00688799305625448 0.0064491194679063 0.00596585220743463 0.00552152762381085 0.00512157808644157 0.00475938603474823 0.00443390444314656 0.00414379020650195 0.00388748076942588 0.00366316436662139 0.0034686218408808 0.00330107874435474 0.00315735522468364 0.00303429128502074 0.00292845352392608 0.00283984598274 0.00276488227569292 0.00270204909384446 0.00480829392046173 0.00477790839741911
0.0235517845594586 0.0242842701356884 0.024706391726645 0.0248692109842925 0.0248316898449964 0.0246473573910066 0.0243532654824791 0.0238574800692713 0.0226650167123061 0.0221246154212184 0.0215977290011946 0.0187707301306285 0.0182913099712155 0.0178120336846744 0.0173262401054187 0.016827915138166 0.01631185747098 0.0157738574983901 0.0152108887625554 0.0146213029458457 0.0135963969017329 0.0129880560215365 0.0123579628604732 0.0117106793978806 0.0110520903644846 0.0103890563310602 0.00972898227111817 0.00907934715281766 0.00844725015020334 0.00783902664735977 0.00725996942739814 0.00671417715321689 0.00620452448000903 0.00579393778206733 0.0053597262327663 0.00496403313528965 0.00460617209662767 0.00428506784926193 0.00399940712185882 0.00374772077051063 0.0035283357388166 0.00333912654817965 0.00317722199090399 0.0030391722482996 0.00292156463561511 0.00282130514961749 0.00273735177220614 0.00266669800745426 0.00260787504513594 0.00465189766273984 0.00462682571900385
0.0233673967403044 0.0240981323368852 0.0245125524659256 0.0246617214261979 0.0246049368275398 0.0243964539389375 0.0240687473072654 0.0235935404648908 0.023060030079524 0.0195721406969892 0.0190775492442024 0.0185947581174507 0.0181173379885225 0.0176387127575091 0.0171525899837641 0.016653216062189 0.0161355846424852 0.0155956413380631 0.0150304958473084 0.0144386286712937 0.0134233326443434 0.0128118601769097 0.0121790639174549 0.0115296405745808 0.010869599291813 0.0102059038754159 0.0095460293787714 0.00889748172956897 0.00826733952007103 0.00766187058464904 0.00708625991787607 0.00654446843973173 0.00603921700960639 0.00557207444526902 0.00520381337112295 0.00481267968966563 0.00445928076044495 0.00414252331073756 0.00386115236154269 0.00361385079736928 0.00339918137964313 0.00321521549589915 0.00305897959042285 0.00292663818312889 0.00281444430401547 0.00271958627598515 0.00264009341521721 0.00257352032927252 0.00251846689085974 0.00247377845524063 0.00422511577527205
0.0231389533682157 0.0238628035498996 0.0242636004495606 0.0243912400388191 0.0243030496823189 0.0240498015447594 0.0236725079700705 0.0232242324000672 0.0227417798923655 0.0222454513797632 0.0188530655725216 0.0183820409539653 0.0179121066088876 0.0174382055085914 0.0169549427875754 0.0164571399857465 0.0159401858368634 0.0154003166099569 0.0148348708709774 0.0142425224407545 0.0136234730270152 0.0126265879805286 0.0119926820592757 0.0113427265561249 0.010682842490829 0.0100200757872321 0.00936194467582294 0.00871595374527363 0.00808913392984396 0.00748766223961563 0.00691659810957918 0.0063797532666486 0.00587968804318249 0.00541781147484237 0.00505465309348244 0.00466836572404696 0.00431952847964727 0.00400702005594786 0.0037296543025084 0.00348633012551713 0.00327599630576999 0.00309711666041246 0.00294661216211846 0.00282004364853339 0.0027132024320302 0.00262351213224187 0.00254822016138635 0.0024854384495282 0.00243386677230909 0.00239242406550822 0.00410324534982029
0.0228715418851116 0.0235850123547182 0.0239693927139557 0.0240739883324336 0.0239567368694099 0.0236737074749669 0.0232822832828321 0.0228445085420559 0.022389016110533 0.0219198912778285 0.0185953526244523 0.0181394108791719 0.017680125329818 0.0172137284801628 0.0167357502550298 0.0162416675404189 0.0157273448690759 0.0151893774082524 0.0146253864906137 0.0140342797873317 0.0134164600649701 0.0124332636127816 0.0117998369431171 0.0111509510526996 0.0104928220001593 0.00983255411959787 0.00917768140288257 0.00853567948990007 0.00791350645026495 0.00731722893499919 0.00675176774598734 0.00622077905597833 0.00572666132502371 0.00527066445022916 0.00485307026724875 0.00453189981330403 0.0041877594127872 0.00387940535162277 0.00360567565074463 0.00336570994537546 0.00315906712662519 0.00298502707418443 0.00284042701758427 0.00271976220063038 0.00259028936499648 0.00253331069374968 0.00246186042467429 0.00240250270216762 0.00235407204089955 0.00202457696094019 0.0039897442267839
0.0225721162321272 0.0232736856447842 0.0236420669527939 0.023727123467648 0.0235895404256723 0.0232918006200016 0.0228980681034382 0.0224669080304625 0.0199868341644938 0.0195507270142024 0.0191079074080346 0.018657361671062 0.0174274613729632 0.0169697428960158 0.0164984446993694 0.0160095534035067 0.0154993585979328 0.0149648040644334 0.0144037995942316 0.0138154953010281 0.0132005009814022 0.0125610272837184 0.0116016545036361 0.0109553846010257 0.0103005515538191 0.00964429164883549 0.00899412686697183 0.0083574765758402 0.00774120370907351 0.00715124888079569 0.00659238629932583 0.00606811599632972 0.00558068014874772 0.00513117798225828 0.00471974819838385 0.00434578769122296 0.00406482026172234 0.00376067509213863 0.00349028091396274 0.00325285677705012 0.0030487629073017 0.00287914675040273 0.0027153113677752 0.00260071800859896 0.00250386627822135 0.00242158948166902 0.00238110098714244 0.00204221683728523 0.00199678164562286 0.0019604089710484 0.00193219767594806
0.022248320961452 0.0229380095397913 0.0232927335426456 0.0233635149040225 0.023213964281238 0.0229107214882285 0.0204923037941771 0.0200714767874076 0.0196472005182356 0.019221635219377 0.0187912649123519 0.0183527851077706 0.0179029952754681 0.0174383787186751 0.0169551502402125 0.0157640054124982 0.0152589189662701 0.0147289086366543 0.0141721361666562 0.0135879738294246 0.012977224001604 0.012342259715494 0.0113993227118746 0.0107571162137092 0.0101070230591565 0.00945618279021099 0.00881207593816056 0.0081820404007336 0.00757282389786892 0.00699022893182822 0.00643887978368445 0.00592212569393619 0.00544206481509588 0.00499966369871388 0.00462054810382311 0.00425037184074829 0.00391611391693684 0.00361621974724051 0.00338501627962797 0.00314955877279673 0.00292168914615479 0.00275584452732152 0.0026255572903286 0.00251708398414198 0.00242451032379335 0.00234548264710768 0.00203051319690895 0.00197729830639283 0.00193403875757212 0.00189982334270808 0.00187373988982904
