R/Data/side_v1_12_6.asc
NCOLS 365 
NROWS 740 
XLLCORNER 0.791666667335165 
YLLCORNER 6.2083333340009 
CELLSIZE 0.00833333332967033 
NODATA_value -9999 
[rows 414 to 436 of 740, columns 156 to 207 of 365]
0.0158631203356631 0.0170368097769358 0.0183091217278258 0.0203945594556918 0.0219048951688973 0.023492350855288 0.0195597537749409 0.0210786981286587 0.0226442282525245 0.0242457897481542 0.0258735494316824 0.0275190736619015 0.0291758458713204 0.0308395786689052 0.0325082934037823 0.0341821884886709 0.0358633418166724 0.037555288275713 0.0392625454636879 0.0409901213633247 0.0427430437237472 0.044525928512047 0.0463425914457582 0.0485599028220684 0.050530328474088 0.0525383901708602 0.0545807499526926 0.0566519281685253 0.0587440715046369 0.0608467426133178 0.0629467354886893 0.0650279407865047 0.0670713006058313 0.0690548789164122 0.0709540966470077 0.0727421627602567 0.0743907446792704 0.0758708937300121 0.0771542210329416 0.0782143154535505 0.0790283114654161 0.0795785349533427 0.0798540847452075 0.0798148354177547 0.0795317713620683 0.0789943837025897 0.0782282758335894 0.0772680294204958 0.0761558689252919 0.074939736382312 0.0736707878425866 0.0724003006624353
0.0161147308834002 0.0172792573118656 0.018537600134017 0.0198864283171496 0.022137747860618 0.0236908734390174 0.0196098205275291 0.0210832692042522 0.0225969180625113 0.0241406341787554 0.0257051516379928 0.027282693005863 0.0288674250602605 0.0304557200244605 0.0320461978804051 0.0336395845551123 0.0352384110933853 0.036846623902446 0.0384691426252219 0.0401114109779095 0.0417789725063784 0.0434770844024646 0.0452103694566778 0.0473636925969765 0.0492535400400303 0.0511861243868081 0.0531599288644932 0.0551715598806022 0.0572155140755434 0.0592839392844905 0.0613664219084738 0.063449793720771 0.0655180116192242 0.067552126575257 0.0695304078560013 0.0714286326835102 0.0732206203931102 0.0748790085824079 0.0763763050135823 0.0776862007342243 0.0787850864517206 0.0796337911514422 0.0802460467951183 0.0806097992155232 0.0807276430561626 0.0806115983334502 0.0802832962564554 0.0797735490032519 0.0791212516039474 0.0783717105845963 0.0775743411822347 0.0767797396159693
0.0160525393862654 0.0172234271416074 0.0184912183197895 0.0201133121818676 0.0215215172537654 0.0239120715495621 0.0254810938970036 0.0211083416013395 0.0225709685390458 0.0240580090366916 0.0255608076986403 0.0270722672569945 0.0285872449008885 0.0301027603222585 0.0316180055330189 0.0331341861735335 0.034654233054626 0.0361824335020605 0.0377240247275069 0.0392847918343764 0.0408706840167095 0.0424874751277299 0.0441404565734745 0.0462306284309614 0.0480417853596229 0.0498999248320255 0.0518051761412828 0.0537560647668548 0.0557492789462136 0.0577794198418446 0.0598387595935242 0.0619170141304977 0.0640011473142546 0.0660752667995696 0.0681206184452437 0.0701157662840223 0.0720369562243002 0.0738587627980594 0.0755549898969401 0.0770998603959027 0.0784562513539404 0.0796152411110415 0.0805643255889594 0.0812946408544975 0.0818054242564203 0.0821049592457398 0.0822109858328727 0.0821504956913766 0.0819588934564633 0.0816785042119231 0.081356435730288 0.0810417514711917
0.0163568025204158 0.0175178985954108 0.0187705616842064 0.0201118361824592 0.0215364665002818 0.023185367623951 0.0256806314976855 0.021151798369166 0.0225641048767333 0.0239955032723592 0.0254379871569913 0.0268851605324658 0.0283325727912983 0.0297778754064499 0.0312208004421192 0.0326629912830583 0.034107722353074 0.035559554949842 0.0370239680988609 0.0385069954872219 0.0400148901232575 0.0415538257203654 0.0431296301162813 0.0451575635747693 0.0468920466035614 0.0486769434552855 0.0505138535243102 0.0524030396273891 0.0543432036021599 0.0563312408721996 0.0583619802178364 0.0604279193578483 0.0625189917600985 0.0646223646897638 0.0667223592144476 0.0688004739150724 0.0708356304595168 0.0728046516809677 0.0746829982362283 0.0764391425030916 0.0780453367623482 0.0794923928471984 0.0807630193664367 0.0818458749134821 0.0827370448098455 0.0834411541906123 0.0839719972942465 0.084352538053509 0.0846142568929482 0.0847957786154893 0.0849407859386956 0.0850950972999027
0.0166746588542089 0.0178252599544962 0.0190619546723276 0.0203811303440782 0.0217769974908435 0.0232415716659296 0.0185789022498129 0.0206042499522256 0.0219552977940644 0.0233282180302247 0.0247155825878304 0.026111219761372 0.0275105479321615 0.0289107728824759 0.0303109357255948 0.0317118334632741 0.0331158320748775 0.0349744810665509 0.0363653674859818 0.0377743387393617 0.0392078547005252 0.0396508605660484 0.0412170518537861 0.0428271034560998 0.0444854150850113 0.0461957059492019 0.0479608397989475 0.0497826351728294 0.0516616430909098 0.0535969051364183 0.0555856809401164 0.057623166719606 0.0597022124379507 0.0618130659901627 0.0639431905182793 0.0660771807809749 0.0681968719818129 0.0702816415204311 0.0723089983119352 0.0756949983740092 0.0775348661043374 0.0792508946137403 0.0808244699342804 0.0822420436520279 0.0834966994471278 0.0845894262198012 0.0855299214867726 0.0863367638763906 0.0870368797395605 0.0876642142825326 0.0882575144386991 0.0888570934341191
0.0171168554865899 0.0182441480277294 0.0194572833321907 0.0207539775182503 0.0221300899042758 0.0235795465853159 0.0186016682151044 0.0199138528940346 0.0211616066603443 0.0232510399794208 0.0245797619072449 0.0259135992246403 0.0272486701880051 0.0285828057588531 0.0299155688330074 0.0312481574347931 0.032583225977632 0.0339246493866729 0.0352772612291489 0.036646589455782 0.0380386070454991 0.038800795959389 0.0402947125337245 0.0418329350014611 0.0434205190480185 0.0450620400459284 0.0467614503403087 0.0485219078645683 0.0503455799743964 0.0522334127397207 0.0541848604000082 0.0561976029796009 0.0582672265342777 0.0603869281427207 0.0625472452518716 0.0647358819762757 0.0669376602820613 0.0691346810804559 0.0713067326565465 0.074862747204777 0.0769149484585778 0.0788783312557268 0.0807332897159965 0.082464312417576 0.0840616181872238 0.0855225444443323 0.0868524868599188 0.0880652051994007 0.0891823565185504 0.090232108023077 0.0912466692865277 0.0922585205290648
0.0174104427703569 0.0185223606419699 0.0197144015920013 0.0209837298029627 0.0223257889971369 0.023734278088657 0.0186227371324316 0.0198877282943452 0.0211888389957141 0.0223712001440852 0.0236322263422707 0.0257260690324892 0.0269986529947482 0.0282688213148544 0.029536619945697 0.0308036057615165 0.032072673238589 0.0333478396604064 0.0346340107276947 0.0359367559033187 0.0372620936547241 0.0379880679352616 0.0394126592305209 0.0408816711124735 0.0424006721456249 0.0439749344291621 0.0456093178806161 0.0473081289400532 0.0490749441955197 0.0509124043821038 0.0528219562193737 0.0548035673066898 0.05685539915163 0.0589734699115904 0.0611513310272527 0.0633797861394695 0.0656467292161877 0.0679371452280912 0.0702333376138005 0.0739360344425601 0.0761775130181131 0.0783644954226542 0.0804767072549119 0.0824969228828876 0.0844126339682784 0.0862175041471325 0.0879124235651968 0.0895059016538044 0.0910136213983485 0.0924569334461067 0.0938600755628043 0.0952457475943927
0.017702626480817 0.018797318576337 0.0199663125192613 0.0212062954208626 0.0225123866012316 0.02387816081429 0.0186383155108899 0.019855771575167 0.0211046940342044 0.0223781088967499 0.0236693391716612 0.0246794957012566 0.0258872911054595 0.0279648284588031 0.0291698939905185 0.0303737611574542 0.0315795219801916 0.0327912887245577 0.0340139911330305 0.0352531834053412 0.0357430363144608 0.0372070688536874 0.0385651513770148 0.0399674888013852 0.0414200293861519 0.0429285890438508 0.0444987639037283 0.0461358167527923 0.0478445275555933 0.0496290150511528 0.0514924962026758 0.0534370144604954 0.0554631095784281 0.0575694602484686 0.059752507906215 0.0620061092639225 0.0643212520007206 0.0666859060630403 0.0690850807177373 0.0715011502814184 0.0753164101980022 0.07770154392026 0.0800447933548743 0.0823274839707568 0.0845345342300328 0.0866559531354233 0.0886879550806638 0.0906334281873269 0.0925014750433069 0.0943057857643184 0.0960615101351221 0.0977802386314028
0.0179891992311487 0.0190645422783403 0.0202082875903979 0.0214167276757227 0.0226847529608823 0.0240059175299539 0.0186444563003346 0.0198139351933748 0.0210106127187234 0.022228198239053 0.0234607858050377 0.0247031642603688 0.025601873416199 0.0267487262190999 0.0278960038648212 0.0290451654527836 0.0310988165030254 0.0322497682382122 0.0334116977715048 0.0338688774000771 0.0351952150358879 0.0364517146613385 0.037745931340561 0.0390840070529777 0.0404721488318895 0.0419165735287927 0.0434234489870479 0.0449988082620316 0.0466484329935419 0.0483776980425506 0.0501913624499567 0.0520933140058835 0.0540862501242988 0.0561713091397229 0.0583476682348163 0.0606121278818771 0.0629587362562411 0.0653784976824399 0.0678592605770483 0.0703858356718912 0.0743273955524253 0.0768840184375645 0.0794305224910964 0.0819470681616798 0.0844161959898634 0.0868243257674495 0.0891629093314473 0.0914289431518057 0.0936244998982555 0.0957549818853488 0.0978257305064646 0.0998365015799272
0.0182655879866232 0.0193192158182609 0.0204352976260706 0.0216098183721407 0.0228375374968035 0.0241120893785667 0.0186371038915918 0.0197580827361724 0.020902374954954 0.0220643859612198 0.0232389732704163 0.024421706052383 0.0256090694938123 0.0263961566676625 0.0274843377342041 0.0285750846711381 0.0296709975351357 0.0307754828483376 0.032151163200504 0.0332459267519106 0.0345197815487946 0.0357154775330409 0.0369482615997285 0.0382243267224591 0.0395500284506275 0.0409318552119455 0.04237639412157 0.0438902738957802 0.0454800771011769 0.0471522194313866 0.0489127689878778 0.0507672156589136 0.0527201714008855 0.0547750131734759 0.0569334508827222 0.0591950806385751 0.0615569171885866 0.0640129970998552 0.0665540824535103 0.0691675895891112 0.0732080436312402 0.0759087751709908 0.0786297098564587 0.0813501583542458 0.0840505219534242 0.0867137636140337 0.0893265770463978 0.0918799142886468 0.0943685350352872 0.0967891834524682 0.0991370037021501 0.101399693462174
0.0185268991910886 0.019556241940179 0.0206420748736326 0.0217801663582739 0.0229652421764246 0.0241911139330758 0.0186121520237128 0.0196840500235896 0.0207757481566947 0.0218823497565852 0.0229994608393486 0.0241233964183725 0.0252513446062567 0.0263814729620566 0.0270631252732202 0.0280973504470165 0.0291376481510361 0.0301873792467868 0.0312505175008405 0.0323315713493876 0.0338543027413091 0.0349914384177025 0.0361649718601213 0.0373810723692858 0.0386461480136979 0.0399668421306461 0.0413500203995582 0.0428027433765689 0.0443322090293703 0.0459456614486967 0.0476502455381339 0.0494528090612572 0.0513596268063442 0.0533760600101418 0.0555061280475507 0.0577520259494399 0.060113603958898 0.0625878566718112 0.0651684853789492 0.0678456270854095 0.0706058275776465 0.0747747810622069 0.0776408205233764 0.0805344432940643 0.0834342087534385 0.0863198263189666 0.089173323123692 0.0919795953489607 0.0947259651299617 0.097400359129802 0.0999876178014127 0.102463539436989
0.0187679905463431 0.019770320623891 0.0208231992766141 0.0219222704398184 0.0230623201701758 0.0242374262631217 0.0254411658334918 0.0195877220186044 0.0206265680905612 0.0216778512848881 0.0227378981889577 0.0238037330738547 0.0248731986627658 0.0259450308029365 0.0270188909705519 0.0276059909422757 0.0285923977892433 0.0295891733469451 0.0306001481965329 0.0316296323402886 0.0320442365988297 0.0331376471520111 0.0353885419048968 0.0365464787307642 0.0377525528663753 0.0390134592612853 0.0403362179264555 0.0417281727675473 0.0431969613709333 0.0447504576409659 0.0463966584537773 0.048143524750508 0.0499987369360952 0.0519693778988808 0.0540615219439682 0.0562797354752128 0.0586265201963639 0.061101713306555 0.0637019216545272 0.06642006196395 0.0692451036436598 0.0734828633102548 0.0764646780330619 0.079500510606555 0.0825674016353542 0.0856420870674029 0.0887021206391202 0.091726429002365 0.094694942589305 0.0975867866893682 0.100376641208833 0.103028811598586
0.0189835659959069 0.0199560531155053 0.020973209527487 0.0220306451282977 0.0231232952064594 0.0242455826404966 0.0253916249213652 0.0194651281617237 0.0204508375574168 0.0214468357692552 0.0224501359979535 0.0234584262020153 0.0244701531903787 0.0254845717572416 0.0265017559331321 0.0275225813893302 0.0280290068518666 0.0289742961006723 0.0299346073905533 0.0309140448765062 0.0313261501811504 0.0323684559464235 0.0334459001666395 0.0345639803096672 0.0368609653389805 0.0380632598321171 0.0393264536293355 0.0406580400674114 0.0420659391410523 0.0435584672357256 0.0451442629731357 0.0468321635698469 0.0486309967043744 0.0505492994632191 0.0525949297624996 0.0547745715130725 0.0570931571375854 0.0595532031965919 0.0621541280636124 0.0648916341298343 0.0677572210250273 0.0707379739858662 0.0751041009888909 0.0782514443603051 0.0814532655395202 0.0846836624532723 0.0879159815815061 0.091123406376952 0.0942786373416408 0.0973521925198629 0.100308912479518 0.103102266308303
0.0175643851694892 0.0201080730650591 0.0210867394333144 0.022099962205205 0.0231429067173597 0.0242104086408638 0.0252971735461678 0.0193125561801763 0.0202448448664126 0.0211855583504985 0.0221323555930234 0.0230835374793349 0.0240381023873883 0.0249957722640725 0.0259569897536208 0.0269228925730831 0.0278952790506526 0.0283363980440506 0.0292471950166839 0.0301777322714334 0.0305892075109359 0.0315817840561054 0.0326089417885728 0.0336759621751933 0.0347885793275815 0.0359530214791829 0.0383119316776868 0.0395835020255044 0.0409303630452828 0.042361105987132 0.0438848164851861 0.0455109817919172 0.0472493303440192 0.0491095845293666 0.0511011075407703 0.0532324296667156 0.0555106611224417 0.0579407880049415 0.0605249059718294 0.0632614459327588 0.0661444873007624 0.069163287760021 0.0735635170112396 0.0767923981050856 0.080097511717564 0.083450682870875 0.0868214145483771 0.0901774498121281 0.0934845555718092 0.0967049936569105 0.0997942706894179 0.102695837292123
0.017648805822328 0.0185045935853794 0.0211586768169305 0.0221252126088056 0.0231162750892275 0.0241271675498249 0.0251532161330672 0.0191266799136529 0.0200052962233884 0.0208907233102536 0.0217812179856323 0.022675639871056 0.0235734835073685 0.0244748862746508 0.0253806144463167 0.0262920341382604 0.0272110770484392 0.0281401998254845 0.0285316817326793 0.0294141017043553 0.0298263927873428 0.030770232171234 0.0317480956304421 0.0327650293830871 0.0338265493645379 0.0349386947345513 0.0361080826730175 0.0373419549734233 0.0397812812756927 0.0411495465258534 0.0426097591357749 0.044171853418652 0.0458462220882975 0.0476435135048794 0.0495743198076454 0.0516487334093128 0.0538757697109027 0.0562626460904814 0.0588139425652337 0.0615307187482871 0.0644096247364623 0.0674421887090324 0.0718485532256967 0.0751301507257562 0.0785079039459125 0.0819517813561561 0.085427843872189 0.0888988061954491 0.0923239130396293 0.0956576503245011 0.0988468465997379 0.101825940055575
0.0176911340389949 0.0185113282963872 0.0193632217047583 0.0202435083745118 0.0230390855783848 0.0239917466815824 0.0249558355113092 0.0189047006891102 0.0197294629977523 0.0205596377437612 0.0213940267583149 0.0222319907652519 0.0230734632488369 0.0239189444077907 0.0247694799934441 0.0256266302850476 0.0264924371316215 0.0273693910801543 0.0282604032488317 0.0276055364863594 0.0290314272033184 0.0299271421685503 0.0308563135015864 0.0318237425859586 0.032834708082105 0.0338950275022249 0.0350111208757847 0.0361900770310731 0.0374397074524327 0.0387685924523702 0.0401860938956084 0.0428065251516483 0.0444139471559484 0.0461440859747532 0.0480084943663516 0.0500185423922278 0.0521848667112674 0.054516646869626 0.0570207316711877 0.0597006419351598 0.0625555421186628 0.0655792760113803 0.068759616063678 0.0732727000375693 0.0766938265831143 0.0801976031721176 0.0837471120120769 0.0873005164070319 0.0908110633392623 0.09422606825439 0.097484484314298 0.100512850423711
0.017687845429981 0.0184703156615067 0.0192796164377196 0.0201126312428336 0.020966082172476 0.0238008504483735 0.0247019900072424 0.0186444911103425 0.0194153309517369 0.0201903679751034 0.0209688921019261 0.0217507061656759 0.0225361241700405 0.0233259560464996 0.0241214822063486 0.0249244218324432 0.025736904130753 0.0265614390984996 0.0274008991420339 0.0278064498669982 0.0286869185002843 0.0290469704443705 0.0299276760332548 0.0308457951375308 0.0318063605620581 0.0328149485824021 0.0338777513510104 0.0350016514600974 0.0361942928337652 0.0374641450956811 0.0388205422973598 0.0402736950063528 0.0418346467058493 0.0446043315713296 0.0463974953670791 0.0483367763746913 0.0504341450273407 0.0527004647839832 0.0551445950238816 0.0577723277523226 0.0605852173021452 0.0635794150422972 0.0667446387496836 0.0712289314363991 0.0746658839092422 0.0782003726995427 0.0817929955620553 0.0853979111528262 0.0889629734508089 0.0924290544685833 0.0957281320570857 0.0987800549387983
0.0176362573056212 0.0183791350226392 0.0191442091250041 0.0199285960645246 0.0207293639015584 0.021543644241739 0.0243897060712616 0.0183447361064974 0.0190617444450142 0.0197818883767235 0.0205048878597806 0.0212309265853172 0.0219606404867305 0.0226950962086361 0.0234357632016114 0.0241844847728998 0.0249434508715719 0.0257151768590556 0.0265024891942501 0.0269113528384737 0.0277417546799143 0.0285976726861857 0.0289578191689269 0.029826464098368 0.030736411683049 0.0316929889732444 0.0327021421101417 0.0337705165773254 0.0349055381047359 0.0361154940079238 0.037409593034962 0.0387980076991229 0.0402918640254272 0.0419031668119641 0.0436446273987857 0.0465986055798173 0.0486199497226951 0.0508118468458158 0.0531848971922233 0.0557469325426287 0.058501738127476 0.0614477048337294 0.064576547070028 0.0690083998486777 0.0724356322507745 0.0759735691151662 0.0795808389761257 0.0832081886135713 0.0867987691140072 0.0902878081805591 0.0936013072651647 0.0966536754299731
0.0175346925885792 0.0182364285701596 0.0189559898622314 0.0196907599592663 0.0204381704745522 0.021195800016441 0.0219614712702112 0.017094209539653 0.0186685292387691 0.0193342085704149 0.0200021816212156 0.02067295228211 0.02134742028104 0.0220268559609484 0.0227128731916043 0.0234074018358431 0.0241126664034484 0.0248311687390813 0.0255656809437493 0.0259756883561065 0.0267550580622729 0.0275598022904072 0.0283938118927168 0.0287630584023667 0.0296218472849351 0.0305257960903339 0.0314805983412667 0.0324926434511597 0.0335691099186745 0.0347180537166328 0.0359484872162788 0.0372704450982196 0.0386950075421031 0.0402342638466859 0.0419011904609615 0.0437093956052934 0.0456726959834415 0.0488490769235719 0.0511414372338105 0.0536259877927622 0.0563085455365667 0.0591896313584332 0.0622629521110074 0.0655140705547795 0.070015456883065 0.0735317326738438 0.0771272996808215 0.0807501233509408 0.0843393817538199 0.087825527738403 0.0911296333178847 0.0941619216017773
0.0173826086625903 0.018042021065397 0.0187151764296525 0.0193997509020257 0.0200935467037482 0.020794578095027 0.0215011496386963 0.0166603089847814 0.0173092900308765 0.0179647209903822 0.0194621244378228 0.0200783339525344 0.0206981979306998 0.021323138704973 0.0219548694747869 0.0225953700417426 0.0232468701630506 0.0239118375599695 0.0245929762958415 0.0250015134732425 0.0257288431769983 0.0264812026331433 0.0272623124596091 0.0280762686000353 0.0284621701400472 0.0293126108187298 0.0302120790299379 0.0311667045492333 0.032183400416837 0.0332699607229195 0.0344351539243692 0.0356888053806573 0.0370418501262579 0.0385063321042988 0.040095325244031 0.0418227306994911 0.0437029121108788 0.0457501084481848 0.0479775918708444 0.0514119414161463 0.0540099107202682 0.0568114607716117 0.0598122467533744 0.062874843659946 0.0662161003853931 0.0696887571083415 0.0732490078848563 0.0768426501621376 0.080405636346761 0.0838645384230856 0.0871365382506736 0.0901288740010315
0.017180676007633 0.0177969869031963 0.0184232704600522 0.0190575110776514 0.019697881035962 0.0203428109327872 0.0209910498870193 0.0155574618570813 0.0161350446137768 0.016718824638338 0.0187667749729963 0.0193569238677075 0.0199527431719039 0.0205555702203624 0.0211669948951326 0.0217888465454626 0.0224231863816737 0.0230723033128487 0.0226239037196382 0.0232895028807878 0.0239772658112936 0.0246903756342477 0.0254323395352838 0.0262070374177422 0.0270187773602124 0.0282364976318467 0.0291085090931274 0.0300338020750293 0.0310190547602024 0.0320718149504139 0.0332005993707814 0.0344149917527187 0.0357257127193406 0.0371446501115946 0.0386848188818744 0.0403602048278678 0.0421854538904587 0.0441753397395705 0.0463439592961437 0.0487036225725878 0.0512634138219574 0.0530714348018898 0.0570599623919587 0.0601571218545095 0.0634263329177902 0.0668349755514813 0.0703387519461113 0.0738819099197165 0.0773979459798676 0.0808104437849757 0.0840337323703801 0.0869732337216959
0.0169307956256516 0.0175036541774346 0.0180830457299677 0.0186672712846695 0.0192548650309526 0.0198446487660319 0.0145421232870489 0.015063770898483 0.0155902583020897 0.0161216893364406 0.0166584179299565 0.018637824693903 0.0191767467317786 0.019722285683647 0.0202760683036589 0.020839925312104 0.021415886978336 0.0210196265936292 0.0216114641878057 0.0222218951405773 0.0228536873172213 0.0235098824887962 0.024193834609684 0.0249092570660027 0.0256602805101879 0.026451517383919 0.0276590399109049 0.0285213736341653 0.0294411785611503 0.030425740775733 0.0314833093964258 0.032623205948714 0.033855911545751 0.0351931238181784 0.0366477506553312 0.038233798764749 0.0399661162308708 0.0418599147340291 0.0439300176607631 0.0461897770406705 0.0486496295184755 0.0513153305896898 0.0534714101493304 0.0573046064865814 0.0604846787092867 0.0638106277867017 0.0672381097321637 0.0707104388630111 0.074159410693475 0.0775065148684109 0.0806642369125414 0.0835372512170453
0.0166360481478395 0.0171655377665618 0.0176984660087707 0.0182334519224794 0.018769377510371 0.0136052417623954 0.0140756797594876 0.0145495902170794 0.0150270234913132 0.0155082535400588 0.0159937752879203 0.0164843015338449 0.0169807566122047 0.0188759319053337 0.0193740674861842 0.0198817406301463 0.0204009137671284 0.0200493490028189 0.0205873095502244 0.0211429304144936 0.0217188368814619 0.0223179161680018 0.0229433572149644 0.0235986981375105 0.0242878822807873 0.0250153227385959 0.0257859771354739 0.0269831286753681 0.027835596795802 0.0287497854265348 0.0297336627442663 0.030796265846203 0.0319478008224768 0.0331997217955761 0.0345647541151076 0.0360568259265301 0.0376908557157457 0.0394823361824973 0.041446631190672 0.0435979380594058 0.0459478555738984 0.0485035766030523 0.0512657932943514 0.0535312401324293 0.0566254358535177 0.0598687129224028 0.0639721260039491 0.067355354910812 0.0707192097130037 0.0739839522661072 0.0770611674606832 0.0798557653833674
