R/Data/side_v1_12_4.asc
NCOLS 365 
NROWS 740 
XLLCORNER 0.791666667335165 
YLLCORNER 6.2083333340009 
CELLSIZE 0.00833333332967033 
NODATA_value -9999 
[rows 368 to 390 of 740, columns 104 to 155 of 365]
0.0271234069566161 0.0278427526725142 0.0285637434445817 0.029278645162844 0.0270452317303243 0.0277801069827966 0.0284946101116674 0.0291830765886333 0.029840444267962 0.0304622334458328 0.031044507614294 0.031583822909172 0.032077177129088 0.0325219648630958 0.0329159401337872 0.0332571916925534 0.0335441252898652 0.0337754565747414 0.0339502085706338 0.0340677117183549 0.034127608698425 0.0341298578722535 0.0340747408636497 0.033962873809957 0.0335637789382369 0.0333915901943629 0.0331669090794426 0.0328919720074267 0.0325695942671887 0.0322032521351825 0.0317971693423046 0.031356398818611 0.0308868845042201 0.0303954820705439 0.0298899285525141 0.0293787483340624 0.0288710987261785 0.0283253317483936 0.0278659803746036 0.0261158293464204 0.0257245192581724 0.0253854836635911 0.0251066247878774 0.0248946300399313 0.0247546774686536 0.0239492203415143 0.0239759867315872 0.0215191746141024 0.0217357477464903 0.0137063567913862 0.0171709954591459 0.0175736742725964
0.0264913017781886 0.02723236403666 0.0279792137419765 0.0257001992539939 0.0264821399144053 0.0272543044381477 0.0280103391683394 0.0287443863224964 0.0294511052727853 0.0301256661697156 0.0307637245453177 0.0313613895542486 0.0319151888210166 0.0324220400469264 0.0328792274311049 0.033284387842378 0.0336355032712947 0.0339308982593223 0.0341692398450675 0.0343495390370129 0.0344711496845028 0.0345337693731354 0.0345374378083902 0.0344825391528699 0.0341444824388947 0.0340253335432819 0.0338512633675993 0.0336242666689408 0.0333469075342986 0.0330224084151921 0.0326547511177161 0.0322487766776878 0.0318102695670456 0.0313459964736413 0.0308636881559087 0.030371945626033 0.0298800701940597 0.0293377626596221 0.0275800482384819 0.027150512464766 0.0267612749678323 0.0264212048587937 0.0261382211627494 0.0259190176235535 0.0251791196288745 0.0251440184775153 0.0251897366322741 0.0224793339487427 0.0143213466723592 0.0144558617746373 0.0180080127207373 0.0183894632742296
0.0259085199576203 0.0266706080853307 0.0243433993469141 0.0251554434425432 0.0259686287367147 0.0267762137244853 0.0275718027482298 0.0283494002002853 0.0291034377768639 0.0298287791550901 0.0305207092621688 0.0311749189319702 0.0317874861754013 0.0323548649485225 0.0328738765764371 0.0333417087924869 0.0337559192115202 0.0341144398727377 0.0344155820602106 0.0346580380265687 0.0348408783094931 0.0349635463738165 0.0350258488308719 0.0347575482114511 0.034750158642607 0.0346843388337498 0.0345613564883895 0.034382958208285 0.0341514388888142 0.0338697364675409 0.0335415467720799 0.0331714452186984 0.0327649944266779 0.032328810635239 0.0318705623267652 0.031398880370749 0.0309231786278067 0.030382883296033 0.0286444088399702 0.0282196993360322 0.0278318763797815 0.0274899273450748 0.0272018503784569 0.0269744152027843 0.0262524015373246 0.0262044222647161 0.026234798546794 0.023471530882581 0.0151343339741219 0.018582558477231 0.0188787947269096 0.0192364899250066
0.0253756023891141 0.0229984228277175 0.0238242147439855 0.0246618566818592 0.025504542181312 0.0263456360811782 0.0271787515857547 0.0279978037074447 0.0287970403377374 0.02957105745429 0.0303148012356471 0.0310235687667597 0.0316930064725852 0.0323191158149786 0.0328982605892801 0.0334271824356009 0.0339030145462737 0.034323296635391 0.0346859861628225 0.0349894615865477 0.035232518130713 0.0354143577885595 0.0355345713852973 0.0353268330305468 0.0353742852172478 0.03536148388465 0.0352894799440045 0.0351597749613634 0.0349743864073425 0.03473594680465 0.0344478299118867 0.034114296387963 0.0337406303360678 0.0333332380616362 0.0328996713691903 0.0324485487728149 0.0319893668365758 0.0314497406270686 0.0297332413231149 0.0293131087419463 0.0289262740771689 0.0285818743394036 0.0282880293450745 0.0280516320633716 0.0273461033983357 0.0272843636469214 0.0244048964689967 0.0244884222826186 0.0159882074445829 0.0195069871946708 0.019778315264762 0.0201098447004179
0.0248929365662685 0.0225110538280004 0.0233574095114381 0.0242190665592981 0.0250894604843342 0.0259621077362001 0.0268306733249513 0.0276890223237984 0.0285312561346872 0.0293517338714862 0.0301450899469256 0.0309062473106805 0.0316304351441559 0.0323132103717268 0.0329504844843003 0.0335385534206756 0.0340741265796147 0.0345543532018261 0.0349768397063482 0.0353396586847953 0.035641342479381 0.0358808689330807 0.0357450602629368 0.0359085379328407 0.0360096579440023 0.0360488859960486 0.0360270784886626 0.0359455067570072 0.0358059157274528 0.0356106213351814 0.0353626497678079 0.0350659049392576 0.0347253407806758 0.0343470984529873 0.0339385630420309 0.0335083018937917 0.0329553148731788 0.031269580621719 0.0308344186404468 0.0304187693380608 0.0300327228443131 0.0296855842615068 0.0293856204110066 0.0285951031491403 0.0284494068111171 0.0283733426798527 0.0254600134360549 0.0168670453529549 0.0202728008055613 0.0204564942703005 0.0207007959429142 0.0210039973058423
0.0212361776347037 0.0220769489180933 0.0229424436568145 0.0238264610159409 0.0247227173919207 0.0256249155904877 0.0265268054090075 0.0274222329832244 0.0283051801159269 0.0291697944584215 0.0300104176033099 0.0308216138389567 0.0315982042938064 0.0323353072662131 0.0330283836778363 0.0336732842596611 0.0342662944680987 0.0348041746390363 0.0352841861855888 0.0357041048655474 0.0360622163492245 0.0359988460479052 0.0362790452584522 0.0364956174845322 0.0366485050133833 0.0367380366482359 0.0367649078904906 0.0367301877399683 0.036635364518308 0.0364824404027262 0.0362740782975699 0.0360137930000444 0.0357061629777957 0.035357014070433 0.0349735195350504 0.0345641624836266 0.0340131938817664 0.032902081805738 0.0325008756060342 0.0321180738525145 0.0317643414600942 0.0314495976236751 0.0311827791559854 0.029707688485116 0.0295503202777896 0.0265489887175487 0.0265225950275798 0.0178178933820403 0.0181883648251158 0.0182183561214577 0.0182930932512438 0.018409778790314
0.0208397379563873 0.021695470424493 0.0225785587780491 0.0234831970974627 0.0244034083691972 0.0253331047798502 0.0262661420792677 0.0271963673809411 0.0281176621946975 0.0290239786746975 0.0299093783884678 0.0307680762346511 0.0315944903170201 0.0323833033595585 0.0331295247277763 0.0338285585968555 0.0344762678521782 0.035069025099482 0.0356037535110418 0.0360779450140543 0.0364896569491576 0.0364820874477821 0.0368137382469631 0.0370806400917244 0.0372826467589161 0.0374199950574057 0.037493263365568 0.037503358022562 0.0374515410748515 0.037339515963691 0.0371695787636033 0.0369448325654395 0.0366694412518156 0.0363488705367614 0.0359900413726167 0.0356013259671987 0.0343763705312979 0.0339817528354176 0.0335905780983644 0.033214154587472 0.0328633401521819 0.0325482169128699 0.0310323532976378 0.0308049034951535 0.0306361494213976 0.027629296948539 0.0275820258352136 0.0191807230737154 0.0191330716064611 0.0191310221497192 0.0191725966058744 0.0192549989020572
0.020496597256042 0.0213657720537519 0.0222647718864036 0.0231881991119092 0.024130393028729 0.0250854826334583 0.0260474380865189 0.0270101172690226 0.0279673099421622 0.0289127805862244 0.0298403173337322 0.0307437891637208 0.0316172130511817 0.0324548336713746 0.0332512078921688 0.034001292078235 0.0347005247600391 0.0353448961406291 0.0359309990932059 0.0364560566394151 0.0365178649408071 0.0369626225420953 0.0373422035107782 0.0376559601248243 0.0379037058122399 0.0380856384397353 0.0382022731045951 0.0382544041072697 0.0382431102475 0.038169824723828 0.0380364854266585 0.0378457696017689 0.0376013940879452 0.0373084226476849 0.0369734883579695 0.0366048326521502 0.0359328184677375 0.0355698339307367 0.0352022247299135 0.0342764609584272 0.0339287960497573 0.0336136963225706 0.032108675546769 0.0318734974443949 0.0316940899819847 0.028695123952898 0.02029753176489 0.0201726489824975 0.0200930705436494 0.0200578153464122 0.0200649914325579 0.0201118262954287
0.0202058723321245 0.0210867603532218 0.0219998520331262 0.022940147099458 0.0239022894075721 0.0248806167696547 0.0258692097131632 0.0268619341776101 0.0278524879648528 0.0288344488641837 0.0298013305286762 0.0307466550666537 0.0316640355619167 0.0325472761177044 0.0333904774071302 0.0341881462300583 0.034935298822912 0.0356275476862163 0.0362611672198457 0.0368331292059154 0.036944516874655 0.0374340852886982 0.037857441395766 0.0382139218178725 0.0385033543883501 0.0387259559212622 0.0388822408441707 0.0389729522427418 0.0389990398024364 0.038961707091285 0.0388625539280069 0.038703826366296 0.0384887659634784 0.0382219944822911 0.0379098221232447 0.0372998394237519 0.0368796885687378 0.036530060795307 0.036172585467494 0.0358187273687039 0.0354793707619178 0.0351644765042113 0.0341724127252533 0.0339638307648947 0.0304407196112193 0.0303073300710642 0.0213287677792641 0.0211729542041204 0.0210609276205376 0.0209918625431153 0.0209639652400862 0.0209745045599221
0.0199663507563754 0.0208570372091287 0.02178228690514 0.0227374568352757 0.0237174640045243 0.0247168317191504 0.0257297328003138 0.0267500298019005 0.0277713201296894 0.0287869873935845 0.0297902662093533 0.030774325920544 0.0317323712705751 0.0326577609343421 0.0335441370378844 0.0343855563997995 0.0351766168431065 0.0359125619706106 0.0365893631617274 0.0367647069146618 0.0373604371205564 0.037890150144312 0.038352577297007 0.0387470902185318 0.039073587820145 0.0393323700038703 0.0395240173283803 0.0396492900085385 0.0397090729223685 0.0397043921523635 0.0396365393785565 0.0395073315950889 0.0393195079790975 0.039077205530996 0.0384821523254832 0.0381867778447263 0.0377677566188951 0.0374308632935893 0.0370832961126362 0.0367367308002733 0.0364021901000056 0.0353822245263346 0.0351280574296792 0.0349168554579591 0.0314486467256745 0.0312883924562019 0.0223599668554606 0.0221733702993757 0.0220289679678409 0.0219260883231458 0.0218630410941086 0.0218371489421941
0.0197763873833815 0.020674839345113 0.0216102475722765 0.0225782614003765 0.0235740226312694 0.0245922033612334 0.0256270417768181 0.0266723765798498 0.0277216897558564 0.028768158728369 0.029804729748435 0.0308242118029783 0.0318193946505177 0.0327831887295401 0.0337087762114809 0.034589767730811 0.0354203500176405 0.0361954125911764 0.0369106434119703 0.0371280196904355 0.0377599373937822 0.0383246995770594 0.0388210636486956 0.0392484890788912 0.0396070043574521 0.0398970570413716 0.0401193636300509 0.0402747748214725 0.0403641811167927 0.0403884925015141 0.0403487327271158 0.0402462974168642 0.04008339564846 0.0398636300617103 0.0392834398500105 0.0388869486487647 0.03858723622594 0.0382623871682625 0.0379244886982237 0.0375854391075038 0.0372563862341527 0.0362704914086202 0.0360173908595765 0.0326145363107192 0.0324070184342328 0.0236389061031823 0.0233823172502809 0.0231656639120211 0.0229895515609661 0.0228534530027917 0.0227557794880236 0.0267912724139817
0.0196338214832701 0.0205379924727314 0.0214815639973054 0.0224603989269628 0.0234698049618849 0.0245045592674104 0.0255589319162272 0.0266267122405189 0.027701246919712 0.0287754926086795 0.0298420949733497 0.0308934949653358 0.031922062741709 0.032920258483757 0.0338808084236382 0.0347968851190382 0.0356622791519011 0.0364715460485751 0.0367457052535771 0.0374747967723157 0.0381375792799699 0.0387319975867236 0.0392568833768262 0.0397118359564243 0.0400970707200524 0.0404132455416126 0.0406612814875234 0.0408421923802482 0.0409569506007978 0.0410064180683299 0.0409913997322246 0.04091288292677 0.0407725171745923 0.0402237144132731 0.0400097959500925 0.0396170889418972 0.039330953212745 0.0390174591890038 0.0386890202647318 0.0383577678796722 0.0380349550497913 0.037084507910075 0.0368338004319928 0.0335245194244277 0.0332660795379442 0.0246709206433537 0.0243873949065199 0.0241419502410821 0.0239353491623152 0.0237671915826292 0.0236359812352372 0.0276254434310599
0.0226404436872792 0.0204439013642467 0.0213937236056284 0.0223814150239647 0.0234023900768986 0.0244514849805228 0.0255229669777068 0.0266105481571064 0.0277074186516395 0.0288062984133668 0.0298995216506956 0.0309791539406577 0.0320371441279855 0.0330655063222158 0.0340565200482015 0.0350029358946071 0.0358981713048448 0.0362241626438229 0.0370444332520702 0.0378001762802143 0.0384883233257657 0.0391068598352229 0.0396547394968227 0.0401317516544306 0.0405383511725211 0.0408754625282694 0.0411442737219541 0.0413460321744516 0.0414818659234774 0.0415526636381411 0.0415590694382444 0.0415016844700207 0.0409922487228069 0.0408537610590945 0.0406562979846127 0.040268190128338 0.0399945825766341 0.0396918370700122 0.0393727389150767 0.0390496556947155 0.0380970706610216 0.0378205085973104 0.0375735688629452 0.0343700961503991 0.0340967770654446 0.02567620546484 0.0253674757913991 0.0250949756164893 0.0248595932972215 0.024661032619964 0.0283774930342074 0.0284295167715222
0.0225921512118102 0.0234757799171425 0.0243971060668718 0.022338584167395 0.0233691129030703 0.0244303393072108 0.025516493598111 0.026621185256531 0.0277374272836098 0.0288576882997871 0.0299739815824988 0.0310779953685804 0.0321612604905477 0.0332153557058071 0.0342321322012999 0.0352039444353756 0.036123869488548 0.0364800380231072 0.0373227877715974 0.0380996891064529 0.0388076707425165 0.0394448066680219 0.0400102186933082 0.0405039311317033 0.0409266822377021 0.041279709145753 0.0415645181449108 0.0417826503581955 0.0419354613079019 0.0420239427328492 0.0420486476847219 0.0415814810600094 0.0415248693038406 0.0414032132767244 0.0412207796691687 0.0408385751696103 0.0405766252734025 0.0402841944036159 0.0399744814151547 0.0396600756119606 0.0387480277699528 0.0384776768843085 0.0354115247718313 0.0350762513645543 0.0270115955586723 0.0266476216859847 0.0263157840580294 0.0260183452210549 0.0257562842702276 0.0255293821865305 0.0291741875153954 0.0292001175663514
0.0225800975613536 0.0234648088031533 0.0243894563701787 0.0253493125377705 0.0233670962400135 0.0244382798024193 0.0255366661075076 0.0266557385598391 0.027788316232408 0.0289266054201631 0.0300622946202366 0.0311866972062063 0.032290937774074 0.0333661794256533 0.0344038738505252 0.0353960162359567 0.0357942111502808 0.0367169341964131 0.0375767559117621 0.0383693815530007 0.0390917898055015 0.0397421901625017 0.0403199155733249 0.0408252608425595 0.0412592794062248 0.0416235521651828 0.0419199388642834 0.0421503193501303 0.0423163379807664 0.042419167663595 0.0424593519144338 0.0420186922157274 0.0419783150506374 0.04187210793679 0.0417036166571079 0.041329043470525 0.0410781497575735 0.0407958634967755 0.040495822973203 0.040190798060427 0.03932091873148 0.0390579109503002 0.036122819897559 0.0357806471165281 0.0279620952263826 0.0275792391356871 0.0272266622716639 0.0269066843039692 0.0266203395461417 0.0299665223474457 0.0299324489791566 0.029934731148812
0.0226007017743825 0.0234851067989469 0.0244114579360142 0.0253749998632564 0.0263703737921384 0.0244722990487045 0.025580477971557 0.0267111689929898 0.0278569851214742 0.0290098647270184 0.030161173664003 0.0313018619959592 0.0324226683025724 0.0335143713875873 0.0345680632361535 0.0355754297012306 0.0359953710896015 0.0369311995878709 0.0378028097721921 0.0386059216478928 0.0393376170237323 0.0399962867809607 0.0405815095094698 0.0410938758083199 0.0415347704363192 0.0419061299305617 0.04221018009521 0.0424491644445841 0.0426250605899313 0.042739296417026 0.0423391093505715 0.0423798368844738 0.0423542909873999 0.0422625658692568 0.0421073259209534 0.0417424456890806 0.0415023538703085 0.0412303960215403 0.0409406448530402 0.0400927434947314 0.0398198609655504 0.0370562652957299 0.0367658460101863 0.0292897063697021 0.028865671328918 0.02846641487396 0.0280956522880206 0.0277557200552573 0.0274476750114467 0.0307041351416437 0.0306505952310961 0.0306316914217866
0.0226502667022847 0.0235332432300492 0.0244598661707115 0.0254253531357083 0.0264242920677257 0.0274506251090446 0.0256448024481647 0.026784323727363 0.0279402323004197 0.0291041996429966 0.0302672794446373 0.031420078201782 0.0325529810647372 0.0336564244623491 0.0347211945423633 0.0351721247285282 0.0361758072262133 0.0371196406942891 0.037997999925923 0.0388066827152019 0.0395429268934482 0.0402053452871393 0.0407937879343902 0.0413091529219306 0.0417531551095357 0.0421280750562566 0.0424364927798882 0.0426810103804872 0.042863959607449 0.0424971454257248 0.0426145051170606 0.0426678537174409 0.0426561129545634 0.042578316388822 0.04226574447691 0.0420831572578513 0.0418540287621233 0.0415930288015576 0.041314602751818 0.0405133321493968 0.0402507353041246 0.0376306655650171 0.0372442116459265 0.0301549668541255 0.0297188305579192 0.0293057802677668 0.0289194945492972 0.0285622916019154 0.0280871381069633 0.0277928287828391 0.0275232199801135 0.0312901295200694
0.0227251197606603 0.0236057528616629 0.0245313666294457 0.0254971598450633 0.0264976690995871 0.027526746836015 0.028577561020222 0.029642624576477 0.0280348058451372 0.0292063179171605 0.0303772810376301 0.0315379894705003 0.0326785173031867 0.0337890140101553 0.0348600241537986 0.0353245568825858 0.0363325936627891 0.0372796048473983 0.038160026926868 0.038969798458291 0.0397063636355091 0.0403685906487132 0.040956617218343 0.0414716452032969 0.0419156998533035 0.0422913719295207 0.0426015533058936 0.0428491670466825 0.0425076744832756 0.0426958791989691 0.0428223095631293 0.0428869311943169 0.0428882502516545 0.04282418247469 0.0425271842225306 0.0423565316253609 0.0421390156312466 0.041890152487411 0.0416245954580978 0.0408714275278407 0.0406206518551109 0.038143034272401 0.0312651780538463 0.0307846165160896 0.0303173339453498 0.0298681402151577 0.0294403956683464 0.0290361311810875 0.028820252328965 0.0285067881535439 0.0282161000326514 0.027944883937861
0.0228217113083048 0.023699219725293 0.0246226458592992 0.0255871795896775 0.0265873109438763 0.0276168066741493 0.0286687089584876 0.0297353662241285 0.0308085074114793 0.0293129620714616 0.0304879234062414 0.0316523661106579 0.0327961077706176 0.0339090770657758 0.0343926014876535 0.0354555306679394 0.0364633152031378 0.0374090428393711 0.0382872858943689 0.0390941848612911 0.0398274342559246 0.040486183263585 0.0410708621197724 0.0415829607323218 0.0420247778771715 0.0423991589074681 0.0427092375396571 0.0429581808409372 0.0426401218271656 0.0428335858977989 0.042967514438861 0.0430421604265282 0.0430558937649426 0.0430055803431536 0.0427265056945348 0.0425684011229816 0.0423637410345416 0.0421288717284734 0.0414570735991589 0.0412104560704331 0.0393704976758395 0.0386525572162338 0.0320232674878351 0.0315369571882701 0.03106238131549 0.0306041645401389 0.0301655296687392 0.0298647705788365 0.0295116138300303 0.029181421620081 0.0288720327894816 0.0285800929191493
0.0229366720630596 0.023810337356525 0.0247304502361671 0.025692199336151 0.0266900341687879 0.0277176427503471 0.0287679521674369 0.029833163901079 0.0309048353585907 0.0319740144077381 0.0298908340103553 0.0310293304936519 0.0321475728229647 0.033235935566896 0.0345034338502108 0.0355628258342715 0.036566120855449 0.0375065470544027 0.0383788837711891 0.0391795284919412 0.0399064641121651 0.0405591369560935 0.0411382650191532 0.0416456006126536 0.0420836669286175 0.0424554942720495 0.0427643642820847 0.0424616902982107 0.0427185223105504 0.0429159691155307 0.0430559814174878 0.0431393002765133 0.0431646127141766 0.043128084116485 0.0429909219860381 0.0428489716143931 0.042662428926614 0.0424480237937379 0.041687150250641 0.0414568690988271 0.0397343032856058 0.033215366938401 0.032721809758602 0.0322325673105907 0.0317535023610213 0.0312890132744692 0.0308421655416488 0.0305264258068556 0.0301608611886956 0.0298162673003631 0.0294904405180325 0.0291799851910237
0.023066837919791 0.0239359439734648 0.024851628143914 0.0258090807449189 0.0268027160517008 0.027826152269187 0.028872216359057 0.0299329857571372 0.0309998800978028 0.0288510639923877 0.029996552017778 0.0311309428185485 0.0322443373430548 0.0333270747507475 0.0343700698031336 0.0353651320010226 0.0366397569965398 0.03757136261013 0.0384346232088325 0.0392262416891623 0.0399445174983563 0.0405892027310982 0.0411612912237693 0.0416627647751844 0.042096319702606 0.0424650947595493 0.0421712046411522 0.0424903439972605 0.0427489124437606 0.0429495551736064 0.0430944071789364 0.0431847567125461 0.0432201898260882 0.0431347508561949 0.0430669495732075 0.0429401663910795 0.0427716063531142 0.0420831515966974 0.0418776869901825 0.0402968693852773 0.0396520205239651 0.0338530506899913 0.0333608571020908 0.0328716793832703 0.0323910139408303 0.0319230096494212 0.0314705727442085 0.0311438565959422 0.0307681782472329 0.0304113763193637 0.030071223873 0.0297443011340026
0.0232092534003004 0.0240730431317633 0.0249831609461479 0.0259347981969178 0.0269223382278443 0.0279393400085909 0.0289785490415981 0.0300319470144421 0.0310908553043292 0.0289545269054937 0.0300929667490335 0.0312195068743369 0.0323242366632479 0.0333975451343141 0.0344304632975541 0.0354149831880292 0.036344320214253 0.0376033712519885 0.038454961092361 0.0392353900655069 0.0399432934109133 0.0405787301228999 0.0411429529037296 0.0416381407961305 0.0420671143987262 0.0417757657659396 0.0421575068187484 0.0424772875337654 0.0427378656414753 0.0429416221485733 0.0430904867691512 0.0431859466719036 0.0432288339923513 0.0431509096797345 0.043097934748592 0.0429896143101498 0.0428443004405263 0.0422194449391719 0.0420368357628999 0.0405650482808453 0.0399567433739056 0.0344285412010481 0.0339410797154394 0.0334551385195494 0.0329758247379136 0.0325070448037893 0.0321190890997165 0.031717799561981 0.0313341747234851 0.0309672043535848 0.0306146658897911 0.0302731396116916
0.0233611651434843 0.0242188133941851 0.0251221851658983 0.0260664702563182 0.0270460252832577 0.0280543624421709 0.0290841674615699 0.0301273598620829 0.0279188726344462 0.0290497868619441 0.0301777604521165 0.0312929334165292 0.0323854650844312 0.0334458792373398 0.0344654081613858 0.0354363058560548 0.0363520971129617 0.0372077445669809 0.0384409415802145 0.0392085985800022 0.0399050030695104 0.0405305148942169 0.0410866273566538 0.0415756879283174 0.0420006049996284 0.0417252219328181 0.0421069196838826 0.0424284381616803 0.0426921995492092 0.0429000584043282 0.0430531968124378 0.0431522973975975 0.0431107566498337 0.0431254771358077 0.0430877218550362 0.0430045822101385 0.0428904821878456 0.0423300216705046 0.041005631058016 0.0404530683199788 0.0354156453240103 0.0349427653515762 0.0344637009683626 0.0339842997252829 0.0335093127109441 0.0330424431398447 0.0326541242756193 0.0322493223582315 0.0318597748598546 0.0314845084300453 0.0311213386799294 0.0307668763034949
