R/Data/side_v1_12_7.asc
NCOLS 365 
NROWS 740 
XLLCORNER 0.791666667335165 
YLLCORNER 6.2083333340009 
CELLSIZE 0.00833333332967033 
NODATA_value -9999 
[rows 552 to 574 of 740, columns 102 to 152 of 365]
0.0450341375607757 0.0453595844878507 0.0456922186458337 0.0460304790252885 0.0463728651523577 0.0467179532817269 0.0470644106116069 0.0474110069673088 0.0477566230856748 0.04810025567839 0.0484410193289604 0.0487781452847464 0.0491109787773735 0.0494389746030747 0.0497616930157153 0.0500787980260635 0.0503900559175209 0.0506953400100618 0.0509946394839139 0.0512880739722064 0.0515759184047673 0.0514092827837597 0.0516164852609517 0.0518214146374372 0.0520256003958653 0.0522310442495348 0.0524403402701798 0.0526568218958289 0.052884729495715 0.0531293983042665 0.0533974517163229 0.0536969804231258 0.0635382816110608 0.0640449879941369 0.0646204312843268 0.0652778004583145 0.066030986866756 0.0668939877207648 0.0678801663486998 0.069001352694966 0.0702667466678839 0.0716815450105226 0.0732452574144628 0.0749497275540083 0.0767769697811508 0.0786970548185157 0.0806663508529031 0.0826264965816023 0.0845043992931986 0.0857157016372533 0.0871166705815289
0.0458359212641547 0.0461418270152994 0.0464533910471194 0.0467690307982245 0.047087233838127 0.0474065774536462 0.0477257438326994 0.0480435333272977 0.0483588751139706 0.0486708339245835 0.0489786124251834 0.0492815514865825 0.0495791282966023 0.0498709521380654 0.0501567599645422 0.0504364137182467 0.0507098994619652 0.0509773299124663 0.0512389527234776 0.0514951649296778 0.0512708881724373 0.0514470780647829 0.0516212650396154 0.0517949360934633 0.051969966160669 0.0521487123939005 0.052334129148132 0.0525299028470505 0.0527406048525872 0.0529718570006283 0.0532304963167275 0.0535247210658687 0.0631195547247014 0.0636270196194671 0.0642060589046033 0.0648693843063377 0.0656302890308404 0.0665020856297113 0.0674973928718227 0.0686272484869516 0.069900013121486 0.0713199997447296 0.0728857966979109 0.0745883027245955 0.0764085732928395 0.0783156921746073 0.0802649648751765 0.0821967975856405 0.0840365906280427 0.0856957768798952 0.0883936741706245
0.0466076111144217 0.0468928819505463 0.0471823774789378 0.0474744982224073 0.0477677250151913 0.0480606389756001 0.0483519390314087 0.0486404578552111 0.0489251731044544 0.0492052158461336 0.0494798751285038 0.0497485993732477 0.0500109945028744 0.0502668201129368 0.0505159862054155 0.0507585482111002 0.0511097059213881 0.051321552812434 0.0521657566277647 0.0523539063580251 0.0513112860096116 0.0514538165739928 0.0515957739706182 0.0517389512734288 0.0518855355037107 0.0520381967847661 0.0522001956633562 0.052375505103438 0.0525689483298196 0.0527863424200591 0.0530346374532132 0.0533220332512282 0.0626401685673982 0.0631452847706642 0.06372403702096 0.0643885809425536 0.0651515340592115 0.0660254421453178 0.0670220922655877 0.068151645427237 0.0694215552945798 0.0708352141077309 0.0723903058897025 0.0740768773910847 0.0758752234479037 0.0777537841957626 0.0796673375286369 0.0815558499064804 0.0833443344988378 0.0849439332029082 0.0875902425666217
0.0480580696603659 0.0483380755697804 0.0486212240280398 0.048905856115115 0.0491903966349452 0.0494733766726703 0.0497534527864145 0.0500294246525671 0.0503002492045804 0.0497046737829939 0.0499461936685404 0.0502481519975072 0.0504511346646228 0.0506486586084939 0.0508408505976106 0.0510279964169599 0.0512105370191836 0.0513890694795249 0.0522656535583729 0.0524201164887572 0.0525728975285595 0.0527253823763926 0.0515415971268562 0.0516548677470391 0.0517735079378565 0.0519004593819503 0.0520392373851345 0.0521940405890176 0.0523698728044424 0.0525726662291839 0.0528093966445245 0.0530881761484581 0.0620992220471978 0.0625987654232628 0.0631732918421441 0.0638343358162534 0.0645937749830191 0.065463323021356 0.0664538677163906 0.0675746323432849 0.0688321167819271 0.0702287832239396 0.0717614523539676 0.0734194370238558 0.0751824942813979 0.077018784751628 0.0788831019293292 0.0807157406822726 0.0824423583366125 0.0839751179602973 0.0865647762285592
0.0486135423295462 0.048868508624758 0.0491254690777142 0.0493827683566396 0.0496388417376623 0.0498922395287509 0.0510588478379282 0.0511351034495604 0.0513331324783752 0.0515252244109752 0.051710854319229 0.0518896905822186 0.0520615946985067 0.0522266177852665 0.0523849966489034 0.0525371484217103 0.052683667034655 0.0528253214941187 0.0515619939831555 0.0524546830896142 0.0525752875078463 0.0526967400642535 0.0528209447650217 0.0515440326814321 0.0516350302741082 0.0517364228932828 0.0518519326260153 0.0519859292813685 0.0521435336061443 0.0523307227300357 0.0525544249264146 0.0528225886324028 0.0614961174655956 0.0619867794685938 0.062553114825077 0.0632059855615156 0.0639564796445338 0.0648154278752442 0.0657927717496286 0.066896754336038 0.0681329006320432 0.069502748967875 0.0710023161535913 0.0726203104147412 0.0743361767366115 0.0761181431711311 0.0779215264683344 0.0796876367461044 0.0813436636496057 0.0828038621438556 0.0853323543248572
0.0491259542960429 0.0503864766311159 0.0505729036101355 0.0507591651794797 0.0509437906849733 0.0511254317400847 0.0513028854195055 0.0513394949014274 0.0515070551107774 0.0516679986924497 0.0518218730529644 0.051968435721789 0.0521076555682021 0.0522397108126176 0.0523649843132069 0.0524840582277705 0.0525977096998221 0.052706906694868 0.0528128103357654 0.0529167803941083 0.0530203898811601 0.0531254462975088 0.0532340241165841 0.0533485080195406 0.0526773368040699 0.0527379410394525 0.0528137387117581 0.0517516228564022 0.051890145912791 0.0520604996675232 0.0522695024350876 0.0525248776130927 0.0528352630935954 0.0613089765437132 0.0618631507951389 0.0625032382016037 0.0632395002907001 0.0640818513512642 0.0650392554759243 0.0661189529995255 0.0673254878485501 0.0686595003665684 0.0701162700275165 0.0716840300774103 0.0733421236408389 0.0750591627903779 0.0767914258723783 0.078481825670432 0.0817450748997029 0.0831508717243317 0.0842711384655694
0.0505625917791481 0.0507228185719524 0.0508836924150909 0.0510436460183659 0.0512012137596219 0.0513550572752739 0.0515039888101511 0.0516469944917934 0.0516388392546795 0.0517693941509326 0.0518923268203252 0.0520074722059049 0.0521148950073529 0.0522148880707144 0.0523079685880456 0.0523948716042471 0.05247654498368 0.0525541433772663 0.0526290282332888 0.0527027695792105 0.0527771572224239 0.0528542174483535 0.0529362409041413 0.0530258186289448 0.0531258906198618 0.0524228786657174 0.0524762971811246 0.0525515110599256 0.0526537168655851 0.0527888142876916 0.0529634660981239 0.0520674681340191 0.0523538304362189 0.0527059929390649 0.0622187492371367 0.0628194798143881 0.0635135738895917 0.0632630874042002 0.0641941666317782 0.0652425546153293 0.0664118236499703 0.0677017501245272 0.0691069490066346 0.0706153009035442 0.0722062348043464 0.0754016331673793 0.0770736824379955 0.0787029813006418 0.0802214667130229 0.0815495703644281 0.0825990556703804
0.0498762982189058 0.0500215741560135 0.0501680188668482 0.0503140957709354 0.0514162784458352 0.051542869954147 0.0516639080684496 0.0517783938294886 0.0517303903021235 0.051831375098679 0.0519242262123984 0.0520088435459866 0.0520853743441472 0.0521542128697211 0.0522159972812872 0.05227160265491 0.0523221338730947 0.0523689195107365 0.0524135067537034 0.0524576619822395 0.0525033755835725 0.0525528751253877 0.0526086469611851 0.0526734660031875 0.0527504358998834 0.0528430374829628 0.0521166709568755 0.0521707885552049 0.0522536907361385 0.0523711664005989 0.0525296707412253 0.0515352610038778 0.0518069843105321 0.052144675038711 0.0612776413200008 0.061860155041441 0.0625335985417565 0.063306022841174 0.0641844307405371 0.065174086399782 0.0654631173309161 0.0666989201023755 0.070440167703827 0.0718804369840862 0.0733987304150111 0.0749649068183929 0.0765378982580142 0.0780648215815449 0.0794809344548422 0.080710817994545 0.0816711765159974
0.0483256171826685 0.0502181437320115 0.0503392183672984 0.0504593308222303 0.0505770375023646 0.0506910213073386 0.0508001192943054 0.0518712544201428 0.0519501019832318 0.0518560058562305 0.0519196765427474 0.0519746824428775 0.0520212397958529 0.0520598300547455 0.0520911972014497 0.0521163421382826 0.0521365133040232 0.0521531978651166 0.0521681152733065 0.0521832121244971 0.0522006642520209 0.0522228828457774 0.0522525304115009 0.0522925436556791 0.0523461661818948 0.0524169868615683 0.0525089871057708 0.0517676742807673 0.0518299129339373 0.0519280459521995 0.052068286941472 0.0509692449294112 0.0512232209570187 0.0515428567093786 0.060271744473975 0.0608315547353276 0.0614793800304705 0.0622223240873296 0.0630663975103824 0.0663010154239167 0.0665204906947058 0.0677017075146373 0.0689857639706482 0.0703598983508229 0.0718038955226978 0.0732886590681273 0.074774965677448 0.0762126687875867 0.0775406812252577 0.078688117482198 0.0795770016369885
0.0483987382329627 0.0485279348984901 0.0486590767566366 0.0487906176970941 0.0506546787078322 0.0507422978011241 0.0508244947514261 0.0509002807930969 0.0509688785341516 0.051029745788703 0.0518808814842058 0.0519072179147989 0.0519247322615025 0.0519339771514354 0.051935787930103 0.0519312752002006 0.0519218155191562 0.0519090402813365 0.0518948255213961 0.051881283452141 0.0518707583982264 0.0518658284904809 0.051869313943641 0.0518842935091863 0.0519141274953159 0.0519624892377502 0.0520334002557847 0.0521312702131834 0.0513829907222509 0.0514599025293298 0.0515796306738638 0.0517485938716696 0.0506029386855556 0.0509009374513929 0.0592026685652722 0.0619085690871474 0.0624981643271227 0.063182968396836 0.0639678474322787 0.0649565216924395 0.0650721380152634 0.0661971001712542 0.0674163715355477 0.0687171396082104 0.0700796839835978 0.0714760999109578 0.0728691934406711 0.0742117769048872 0.0754466809781743 0.0765078398877052 0.0773228543949624
0.0484255955761495 0.0485310260345312 0.0486379666634627 0.0487448574315914 0.0488502219870169 0.0489526984551343 0.0508121240421519 0.050861478144324 0.0509031392232422 0.050936560197249 0.0509614586700651 0.0509778354716298 0.050985985834946 0.0509865033936699 0.0517520928557235 0.0517186944262841 0.0516802861990472 0.0516386283435177 0.0515957374976191 0.0515538761338349 0.0515155411950777 0.051483461308095 0.0514605970330917 0.0514501503041473 0.0514555784287705 0.0514806176376849 0.0515293078759543 0.051606022026433 0.0517154929238209 0.0509674404220951 0.0510643003426437 0.0537380046224406 0.0522204808013556 0.0524248984249204 0.0601926354790233 0.0606670338750599 0.0612266024076232 0.0618764545206948 0.0626205403265106 0.0635240180507582 0.06352861249126 0.0645909361717131 0.065738996470203 0.0669600181945744 0.0682348740405102 0.0695369676856574 0.0708312662081159 0.0720736967262391 0.0732111848301659 0.0741826713902584 0.0749214863064089
0.0484089452528925 0.0484913673514945 0.0485749530661249 0.0486581253291472 0.048739385349496 0.0488173449390183 0.0488907588894262 0.0489585595207999 0.04901988812376 0.0508126953522783 0.0508107791796716 0.0507998395372372 0.0507801884223991 0.0507524555826359 0.0507175880139931 0.0506768442917723 0.05063178315854 0.0513442786962268 0.0512730981850748 0.0512031510647622 0.0511370722601995 0.0510777243964412 0.0510281924558172 0.0509917847122175 0.050972038549191 0.0509727337897334 0.0509979105506187 0.0536033705294418 0.0535894654323573 0.0536198342305953 0.0529989517425863 0.0530352508954667 0.05313234263434 0.0515796642471536 0.0589216142117821 0.059365274487231 0.0598897897836782 0.0604994222863665 0.0611972503934718 0.0620094052233523 0.0618969618437228 0.062890947604866 0.0639621467809238 0.0650978996770457 0.0662797561117817 0.0674825133583797 0.0686733906050308 0.0698115271309667 0.0708480484505685 0.0717270044613349 0.0723875245591139
0.0483517162690818 0.0484120032592248 0.0484731905461079 0.0485336805122202 0.0485919464325968 0.0486465661296944 0.0486962568268025 0.0487399109242276 0.0487766320806099 0.0488057682376139 0.0488269411035854 0.0505965387732693 0.0505502092228246 0.0504952866084005 0.050432753492813 0.0503639239218356 0.0502904319889358 0.0502142142364 0.0501374893131023 0.0500627366235675 0.0507376113302026 0.0506507834817006 0.0505741611279458 0.0533122992208999 0.0531512453051 0.0530171576805641 0.0529139581112105 0.0528457764380065 0.052816961528968 0.0528320803503909 0.0528959114770241 0.0523099887041407 0.0523847640859031 0.0507020532753652 0.057600209508914 0.0580086500703715 0.0584934092397896 0.0590579409905042 0.0597045033961274 0.060420069427322 0.060185829207348 0.0611065063991005 0.0620960033312971 0.0631418480506761 0.0642263366235981 0.0653257225068363 0.0664095319354209 0.067440166404764 0.0683729949219527 0.0691572096380529 0.0697377380895801
0.0482569641349614 0.048296095474154 0.0483359419534971 0.0483748814152728 0.0484113538113031 0.0484438965064414 0.0484711793710188 0.0484920436744544 0.0485055412363737 0.0485109705082683 0.0485079109334725 0.0484962510919382 0.0484762098219493 0.0502182563856441 0.050129063818282 0.0500330456055313 0.049931891439055 0.0498276124355019 0.049722517406707 0.0496191864345098 0.0495204447621947 0.053028042392801 0.0528077340152835 0.0526069054788083 0.0524291381950674 0.0522781696934481 0.0521578939237798 0.0520723629593483 0.0520257871864939 0.0520225301718009 0.052067091214969 0.0521640726501357 0.0516134378225373 0.0497953209705497 0.0562346706656866 0.0566037600456021 0.0570444658384722 0.0575594803099786 0.0581502984065139 0.0587649585237219 0.0595161746640174 0.059248698252195 0.0601525075563695 0.0611047264829318 0.0620884537114499 0.0630814407444921 0.064055549062527 0.0649764497326236 0.0658037508177642 0.0664917591019659 0.0669911470400419
0.0481278231120634 0.0481468748353864 0.0481665287115575 0.0481851353242352 0.0482010972020077 0.048212903577901 0.0482191683294759 0.0482186706422819 0.0482103960471717 0.0481935784648414 0.048167736651115 0.0481327073516363 0.0480886713765499 0.0480361705172928 0.0479761154830833 0.047909783340252 0.0495595592423506 0.0494278580287685 0.0511844398107956 0.0509635741514171 0.0507516934402513 0.0505519147779419 0.0503249480153229 0.0518975579563048 0.0517012549475133 0.051531344664464 0.0513916853638879 0.0512862450651318 0.0512190923789205 0.0511943839592696 0.0512163425828184 0.0512892180275405 0.0514172283400293 0.051604473559588 0.0548323807955733 0.0551584256923344 0.0555512721437298 0.0560129023548494 0.0565441070894426 0.0570545745954155 0.0577320088123224 0.0573303003538663 0.058145347132721 0.0590011895478612 0.0598817739753631 0.0607663779964659 0.0616291971848381 0.0624391510879677 0.0631600363400596 0.0637512028528262 0.0641689650857466
0.0479674547847615 0.0479675880228537 0.0479682785782026 0.0479678467289101 0.0479646530512902 0.0479571331763468 0.0479438362911033 0.0479234684795598 0.0478949368631951 0.0478573940544931 0.047810280199823 0.0477533608998814 0.0476867569837931 0.0476109664445856 0.0475268760032417 0.0474357604663765 0.0496188629345991 0.0507081256005289 0.0504656755669724 0.0502283321669385 0.049999071788692 0.04978107790007 0.0495219277253647 0.0493295968064793 0.0491596243287716 0.0490157127233986 0.0489016370253714 0.0504910117672045 0.0504005648194528 0.0503514501142525 0.0503476187305222 0.0503929785140439 0.0504913331701093 0.0506462972353917 0.0552725262648679 0.0536815880885904 0.0540233458463361 0.0544283567770536 0.0548967682269363 0.0554272183989097 0.0559017017818864 0.0553656238187663 0.0560897991548458 0.0568475269762929 0.0576236390696527 0.0583989469807688 0.0591499641731361 0.0598488061229243 0.0604633730795182 0.0609579453599139 0.0612943434447545
0.0477789965504241 0.0477614471630458 0.0477444727871203 0.047726362144132 0.0477054305046229 0.0476800540872284 0.0476487103485767 0.0476100219344028 0.0475628050122667 0.0475061159061327 0.0474392986730872 0.0473620274753274 0.0472743418416726 0.0494684118199659 0.0492614975168511 0.0490502375781187 0.0488363611625335 0.0486219655065693 0.0484094839264149 0.0482016489237397 0.0492599984351188 0.0490229964129132 0.0487996367313202 0.048517233619349 0.0483246340694628 0.0481572057270281 0.048018679176387 0.0479127959828077 0.0478432852190272 0.0478138394085121 0.0478280806678417 0.0494801823666911 0.0495455492748983 0.0496647531226845 0.0536983650895372 0.054033083926335 0.0524712189694385 0.0528170822985737 0.0532202826548641 0.0536789370493083 0.0540392782779368 0.0533702279118592 0.0540024336081504 0.0546613601003775 0.0553327482157496 0.0559989430857833 0.0566387354955458 0.0572273606558394 0.057736709797075 0.0581358459935215 0.058391927749675
0.0475655119295621 0.0475315775442909 0.0474982946977224 0.0474639191602275 0.0474267182163542 0.0473850044682167 0.0473371769454138 0.0472817665378299 0.0472174858630651 0.0495485890170995 0.0493609681184266 0.0491651444880648 0.048961161371808 0.0487494567524274 0.0485308833289664 0.0483067156730895 0.0480786426453161 0.0478487472994712 0.0476194734831961 0.047393584517139 0.0471741139027174 0.0469643131299991 0.0467675999347403 0.0477201411818395 0.0475036634537125 0.0473112703262225 0.0471466507355051 0.0470134614508425 0.0469152954919175 0.0468556527369315 0.0468379023979396 0.0468652370775901 0.0469406109898733 0.0461039705653214 0.0462569020381503 0.0528525278212258 0.0527277771985191 0.0511911158765529 0.0515275043636013 0.0519129895207753 0.0521596706432919 0.0513605043212579 0.0519006830750526 0.0524611916890268 0.0530286961797795 0.0535870573060405 0.054117288988785 0.0545976452264919 0.055003868237738 0.0553096304261674 0.0554872320172247
0.0475054103907594 0.0474184885841029 0.0473297607794138 0.0472377596903684 0.047141066314607 0.0489521141673026 0.0487601162474184 0.0485624208943839 0.0485383925729532 0.0488880166763247 0.0486937471862439 0.0484903875703322 0.0482778391960072 0.0480564116487528 0.0478268475551068 0.0475903341511027 0.0473485002556944 0.0471033953596871 0.0468574577476789 0.0466134680588589 0.0463744952372321 0.0461438382111568 0.0459249644243496 0.0457214509546981 0.0455369312338152 0.0464822533347232 0.0462901527395197 0.0461281068867482 0.045999584108899 0.0459079046691663 0.045856201669547 0.0458473720926606 0.0458840166319215 0.0459683633011715 0.0450876912991263 0.0510865824936484 0.0513895514506556 0.0517408056978329 0.0499738151209247 0.0503351161775576 0.050278263879795 0.0493531595657172 0.0498022971907904 0.0502658379111197 0.0507313772853381 0.05118426092606 0.0516076518006469 0.0519827050672286 0.052288847996357 0.0525041630205691 0.0526058741208498
0.0472386769084745 0.0490446461680758 0.0488610475665272 0.0486763797303593 0.0484892772374001 0.048298433471709 0.0481026378246825 0.0479008161600092 0.0478819379540561 0.0482515021871676 0.0480515583543294 0.047841621694877 0.0476214344543069 0.0473911572317674 0.0471514013526967 0.0469032458805681 0.0466482379057516 0.0463883761004349 0.0461260754584839 0.0458641207948377 0.0456056074468887 0.0453538739890617 0.0451124352608781 0.0448849129205571 0.0446749711299573 0.0444862571871624 0.0443223501595032 0.045261402711908 0.0451011552570765 0.0449759703016569 0.0448887644127487 0.0448421617687225 0.0448384357871007 0.0448794364574953 0.0439293920877866 0.0493498828249594 0.0495898465697142 0.0498727989315294 0.0501971146955602 0.0484467142963516 0.0491277016013214 0.0481803016686307 0.0485494694858007 0.0480937917393051 0.0484603193464193 0.0488111079612313 0.0491313793859566 0.0494050491589111 0.049615043674592 0.0497436336012094 0.0497727292750739
0.0513038072427751 0.0484234947371612 0.0482371660317412 0.048049862047116 0.0478601445673046 0.0476666172127824 0.0474679625506929 0.0472629845938986 0.0472498725069703 0.0470766705085252 0.0474354969811846 0.0472200269091508 0.046993223173724 0.0467550778731975 0.0465060498907761 0.0462470887430474 0.045979639757728 0.0457056296143 0.0454274355742083 0.0451478327499357 0.0448699328331301 0.044597110726838 0.0443329269855284 0.0440810497816539 0.0438451812140612 0.0436289867254094 0.0434360350878132 0.0432697411194835 0.0431333183735809 0.0430297305159949 0.0439410512006496 0.0438555277057165 0.0438102979907132 0.0438068660455106 0.0438461826436871 0.0476547147382363 0.0478322255361288 0.048047631896144 0.0482989396079815 0.0485830434840883 0.0472280334328289 0.0461672410970039 0.0464479812342996 0.0467325768627143 0.0470105582740749 0.0472702145981077 0.04749884494473 0.046885881728951 0.0470044510978476 0.0470507365383775 0.0470110829713075
0.049685328015879 0.049520475841112 0.0476330282317633 0.0474439296712326 0.04725248009227 0.0470571941747439 0.0468566465445843 0.0466495158706466 0.046642806709763 0.0464665274785512 0.0462797860618965 0.0466263119141738 0.0463939950914523 0.0461490579024426 0.0458917854759056 0.0456229763794309 0.04534395229358 0.045056550443038 0.0447630915206137 0.04446632937495 0.0441693833862353 0.0438756596812321 0.0435887658511925 0.0433124220478685 0.0430503765295465 0.042806326239018 0.0425838448916619 0.0423863189808266 0.0422168907977361 0.042078406925191 0.0419733687381567 0.0419038802370416 0.0428055183691307 0.042757108341205 0.0427482644224477 0.0460119014787927 0.0461283182824172 0.0462778014295923 0.046458026960671 0.0466656320703839 0.0468961346606737 0.0442184517878973 0.0444147619460257 0.0446105096760937 0.0447961145858688 0.0449611977849411 0.0450949169094738 0.0451863662858914 0.0445506182118113 0.0445447302293401 0.0444661773427275
0.0520349915374854 0.0519090790034022 0.0517823301932623 0.0516530943863743 0.0500003898471775 0.046470326142164 0.0462688622158084 0.046060599773568 0.0460609331951864 0.0458826387230636 0.0456932511983632 0.046060728037452 0.0458240657477325 0.0455734902484452 0.0453090931173147 0.0450314992585197 0.0447418862573976 0.0444419817766465 0.0441340330684769 0.0438207592360997 0.0435052792293349 0.0431910271082456 0.0428816589321768 0.0425809533840881 0.0422927172274734 0.0420206944189247 0.0417684830082795 0.0415394624505462 0.0413367303118272 0.0411630434403184 0.0410207648947472 0.0409118124518831 0.0408376027120462 0.0396481744629898 0.0396050231877112 0.0444305171902274 0.0444878961608794 0.0445738302756836 0.0446857029268816 0.0448199282120207 0.0449719081523084 0.044267415931684 0.0424616435589865 0.0425737164786795 0.042672544455911 0.0427489918481956 0.0427939337309844 0.0427987227220208 0.0420473270186721 0.0419686320600826 0.0418294091222217
