R/Data/side_v1_12_4.asc
NCOLS 365 
NROWS 740 
XLLCORNER 0.791666667335165 
YLLCORNER 6.2083333340009 
CELLSIZE 0.00833333332967033 
NODATA_value -9999 
[rows 276 to 298 of 740, columns 260 to 311 of 365]
0.0117787747659152 0.011172231031787 0.0105868393082702 0.0100240675938953 0.00948551136468242 0.00897272767493847 0.00848710012242297 0.00802974233424954 0.00760144597157154 0.00720267291989787 0.00683359113598469 0.00649415167425849 0.00618420560834236 0.00590366642606027 0.00565272753407475 0.00543215463531845 0.00524367000563597 0.00509040181816675 0.00497718822994224 0.0049098852992189 0.00489153258747989 0.00491687719297556 0.00497454052181779 0.00505319190134002 0.0051439668368819 0.00524051329202654 0.00533851622311268 0.00543523301057137 0.00552912384551564 0.00561955987110574 0.00570658644134005 0.00579072786348702 0.00587282730243374 0.00595391670065124 0.00603511338992113 0.00599452564363144 0.00607998943036667 0.00616881555731973 0.00626183882287424 0.00635975045153224 0.00646309454571422 0.00657227310161847 0.00668755734976513 0.00680910261816734 0.00693696493414577 0.00707111820949362 0.00721147078434758 0.00735788099760217 0.00751017159555017 0.00766814292108251 0.00887086072668047 0.0090400608497315
0.0118683478397119 0.0112413085516082 0.0106397603995061 0.0100647415438042 0.00951736801467716 0.0089986866557637 0.00850955938141525 0.00805058424771024 0.00762205729122982 0.00722397415186408 0.00685606936361138 0.00651789204530235 0.006208917877016 0.00592870689698323 0.00567712772581597 0.00545469432693099 0.00526309642593984 0.00510602261782712 0.00499019066804001 0.00492537089982627 0.00491855257210904 0.00496248780805435 0.00504051761825488 0.00513809679385251 0.00524519744548158 0.00535529234043263 0.00546425724117627 0.00556964930217186 0.005670243331369 0.00576570471657204 0.00585633760336199 0.00594288344042033 0.00602635990684428 0.00610793403778776 0.00618882461262722 0.00627022854546302 0.0062271502745571 0.00631355323745419 0.00640358691922424 0.00649797653234551 0.00659730052979252 0.00670199698493324 0.00681237540542208 0.00692863122816001 0.00705086207193197 0.00717908438971972 0.007313249212815 0.00745325743052087 0.00759897363198295 0.00775023874401687 0.00790688171437287 0.00912201847753127
0.0119680763119856 0.0113210704355088 0.0107040019207477 0.0101174383622566 0.00956198631363889 0.00903816311323538 0.00854629948785771 0.00808647628949695 0.0076584978526107 0.0072618994114207 0.00689598623294573 0.00655990165411969 0.00625272413405052 0.00597360179488025 0.0057219470316942 0.005497749215904 0.00530214809551324 0.00513860672517337 0.00501533593408937 0.00494851418306231 0.00495462047545573 0.00502191736261936 0.00512340777176847 0.00524076425196253 0.00536365845967172 0.0054860853121635 0.00560449664781612 0.00571694726374047 0.00582263078868226 0.00592156423316628 0.00601434286216756 0.00610194275363726 0.00618556457215383 0.0062665132115641 0.00634610807515277 0.00642561826645623 0.00637614360502098 0.00645949237532656 0.00654600572389804 0.00663643625281279 0.00673138974206174 0.00683133296362108 0.00693660625288689 0.00704743766337044 0.00716395933335828 0.00728622316320398 0.00741421648410208 0.00754787651846971 0.00768710365852884 0.00783177398395236 0.00798175011379162 0.00813689092626864
0.0120789911775199 0.0114125009154226 0.0107804942440645 0.0101830349831513 0.00962019860239592 0.00909196277022787 0.00859812717068472 0.00813826423261581 0.00771170238152809 0.00731753770644614 0.00695467054884576 0.00662186451934368 0.00631782426586722 0.00604129710301954 0.00579121028067613 0.00556688137840148 0.00536840887108478 0.0051976037241535 0.00506098755136702 0.00498141652050161 0.0050043530863917 0.00510385843693047 0.00523091809374758 0.00536677809531134 0.00550317377612346 0.00563545712688136 0.00576091461261346 0.00587817624380331 0.00598687763154588 0.00608739331490035 0.00618060830941894 0.00626772808685045 0.00635012849892958 0.00642924305705994 0.00650648231632124 0.00658317768001852 0.00666054495687968 0.00660604538243818 0.0066884983015029 0.00677452954307351 0.00686476349164053 0.00695968721226854 0.00705966331770075 0.0071649446537847 0.00727569007492132 0.00739197967018979 0.0075138300718484 0.00764120834338001 0.00777404484566754 0.00791224505147921 0.00805569996840307 0.00820429562204238
0.0122018637165776 0.011516303398832 0.0108698659529259 0.0102620858462775 0.00969249386124006 0.00916052581882864 0.00866545888739784 0.00820637510626453 0.00778215346603228 0.00739148551078382 0.00703291127743295 0.00670487154541862 0.0064057732180497 0.00613406844189098 0.00588835133246244 0.00566748491264869 0.00547078716883108 0.00529835131844855 0.0051517555769652 0.00503755664419698 0.00509145223743002 0.00522748339333687 0.00537380973161049 0.00552216948606211 0.00566723636628314 0.00580544139512023 0.00593463705089921 0.00605386182319775 0.00616309668585819 0.00626301551832184 0.00635475438457671 0.00643971879160924 0.00651943532872263 0.00659544522552278 0.00666923135435906 0.00674217136339943 0.00681550886342278 0.00689033830306357 0.00683034301390207 0.00691155039744389 0.0069967338696661 0.00708639111410618 0.00718089816299955 0.0072805239542524 0.0073854458697987 0.00749576490990994 0.00761151985130335 0.00773270105981343 0.00785926276256518 0.00799113414252265 0.00812822960123617 0.00827045723510299
0.012337158939015 0.0116328578514262 0.0109724044243103 0.0103547846634496 0.00977897778721657 0.00924388239056462 0.0087482679760922 0.00829075046421885 0.00786979281444658 0.00748372545724704 0.00713078431730426 0.00680916322031961 0.00651707933009083 0.0062528559125134 0.0060150325150567 0.0058025323151154 0.00561496975313707 0.00545338376189107 0.00532277902385398 0.00524594126963849 0.00528858896784875 0.00541350248828378 0.00556000583146061 0.00571057260967372 0.00585759235661551 0.00599677022271233 0.00612577607877627 0.00624370892892757 0.00635071801092524 0.00644767650082361 0.00653590722750492 0.00661696896559513 0.00669250217576028 0.00676412496125939 0.00683336701041694 0.00690163015595082 0.0069701672462406 0.00704007297512819 0.00697068207281196 0.00704667878091761 0.00712651817062075 0.00721069821490587 0.00729959867178878 0.00739349578661147 0.00749257743181096 0.00759695771553315 0.00770669076997466 0.00782178376181492 0.00794220875835714 0.00806791328949481 0.00819882995952462 0.00833488459144805
0.012485000328443 0.0117621911146914 0.01108802931394 0.0104609394267816 0.00987934759919988 0.00934162440271508 0.00884605022297955 0.00839080202510552 0.00797396193831611 0.00759354366334 0.00724753459701769 0.00693395433589988 0.00665093038529012 0.00639680365881839 0.00617028791472101 0.00597074578911446 0.0057987395213208 0.00565728245391978 0.00555487532155136 0.00551104928264891 0.0055486735034385 0.00565208176468813 0.00578643979426956 0.00593045568050214 0.00607304281589644 0.0062082482916585 0.00633305503415681 0.00644635537726673 0.00654831722204969 0.00663991987866985 0.00672260722044696 0.00679803972567913 0.00686792910325511 0.00693393451957584 0.00699760209782943 0.0070603323665604 0.00712336572334625 0.00718777882357579 0.00725448802587688 0.00717897993966079 0.00725324008801767 0.00733178637400254 0.00741499256774942 0.00750313346865759 0.00759639931140826 0.00769491004541755 0.00779872837096422 0.00790787227380573 0.00802232597835693 0.00814205017433965 0.00826699099404753 0.00839708777084136
0.0126451466679734 0.0119039595359269 0.0112162800260859 0.010579963020767 0.00999288411600836 0.00945289751690829 0.00895781423864258 0.0085053986338808 0.00809338431115678 0.00771950558419084 0.00738154499722403 0.00707739789379288 0.00680515971548962 0.006563251823628 0.00635061599685138 0.00616704049781423 0.00601373733148971 0.00589435649314361 0.00581647664863525 0.00579211972247853 0.00583032759620924 0.00592107361202827 0.00604229340799797 0.00617568852922728 0.006309440352869 0.00643662725843364 0.00655367220036454 0.00665925329848933 0.00675351995284262 0.00683751383010243 0.00691275447485799 0.00698096015200072 0.00704387296330104 0.00710315661872659 0.00716034189114065 0.00721680110156515 0.0072737393530924 0.00705193396491832 0.00711241129212781 0.00717626139385387 0.00737593929287284 0.00744876796212996 0.00752625763375562 0.00760867316981587 0.0076961997526664 0.0077889563235514 0.00788700806705919 0.00799037802938732 0.00809905768906435 0.00821301627856681 0.00833220922530296 0.0084565854802152
0.0129991359897343 0.012239632112563 0.0115374754818134 0.0108900314947555 0.0101184632936261 0.00957641616397097 0.0090820997906412 0.00863288895499743 0.00822619404487116 0.00785949653131605 0.00753039881605598 0.00723669139828223 0.00697644340785583 0.006748130966919 0.00655082608273628 0.00638448288354302 0.00625036261573715 0.00615158866179302 0.00609357237906578 0.00608316086287554 0.00612350809548883 0.00620657865979641 0.00631649169158007 0.00643818330275149 0.00656065190096752 0.00667696102468632 0.00678342552194546 0.00687870617956103 0.00696300831538977 0.00703744972429066 0.00710360915685567 0.0071632323723415 0.00721805733091687 0.00726971877958845 0.00703109092614257 0.00707965965985492 0.00712931296781618 0.00718101207037922 0.00723556298268415 0.00729362919820443 0.0073557454648954 0.00742233169786769 0.00763253911710217 0.00770933038226846 0.00779125584229351 0.0078784275283269 0.00797090780673915 0.00806872012442687 0.00817185865415159 0.00828029736145595 0.00839399745892782 0.00851291424462005
0.013209863937722 0.0124305632968834 0.0117136664436102 0.0110559732435677 0.0104543798732378 0.00990585696397748 0.00940744306486735 0.00895625148533808 0.00854949248619399 0.0081845083863253 0.00785882346561401 0.00757021026083588 0.00731677788191638 0.00709709198041891 0.00691033785321179 0.00661582166101626 0.00650001191120405 0.00641966067176624 0.00637810770885508 0.00637876464383769 0.00642163163751251 0.00649944097095187 0.00659962005333599 0.00670957311175856 0.00681953307193835 0.00692313174313892 0.00701700155780669 0.00710003814503366 0.00717263088548555 0.00723602340199123 0.00729185834584883 0.00704580064994813 0.00709003286730294 0.0071320651628785 0.00717329914462932 0.00721495841740726 0.00725809406085383 0.0073035959140922 0.00735220569133615 0.00740453130733884 0.00746106073025071 0.00752217591141671 0.00758816644219568 0.00780432243912858 0.00788085376157323 0.00796266944256007 0.00804982477041412 0.0081423398126635 0.00824020825975088 0.00834340549263094 0.008451895813323 0.00856563841154656
0.0134306602160147 0.0126314898533201 0.0118997724997974 0.0112317445507729 0.0106237757743024 0.0100723583597242 0.00957410820363439 0.00912577638525432 0.00872427306441654 0.00836670100154345 0.00805040026026543 0.00777300509600951 0.00753251517361176 0.00732738571785457 0.00715663710982681 0.00701997887021725 0.00691791896052261 0.00685177420857441 0.00682335957773222 0.00683384327105024 0.00688130527262859 0.00695863959504789 0.00705494825927492 0.00715912141974716 0.00726228078958466 0.00716831949749462 0.00724832499707153 0.00731785483890111 0.00707373459374636 0.00712307638650505 0.00716602098513728 0.0072043488233004 0.00723972366284812 0.00727363893656339 0.00730740295943132 0.00734214317774273 0.00737881866538028 0.00741823490394982 0.00746105915671747 0.00750783545236693 0.00755899831017516 0.00761488638068908 0.00767575484668775 0.00774178756275045 0.0078131081652409 0.008041064012708 0.00812319407371428 0.00821071759203385 0.00830362534717663 0.00840189223517191 0.00850548363425646 0.00861436082676562
0.0136597799006228 0.0128406219429895 0.0120939185739266 0.0114153481839828 0.0108007634635724 0.0102461895798138 0.00974783118700174 0.00930208645700613 0.00890556994513869 0.00855514173574181 0.0082479431840378 0.00798143949637709 0.00775346881162602 0.00756229763981404 0.00740667825506057 0.00728589541184434 0.00719977047190353 0.00714854695743356 0.00713248410285399 0.00715085376440073 0.00720028963678799 0.00727370159892181 0.00736141268584256 0.0074537444242987 0.00754302907112114 0.00762438873308852 0.00769557734212418 0.0077563286179315 0.00725360001557908 0.00729125974547995 0.00732353213116292 0.00735217913632035 0.00737879064151121 0.00740475812906307 0.00743127780601217 0.00745936624829809 0.00748987892572056 0.00752352839588699 0.00756090116793076 0.00760247255812669 0.00764862050359323 0.00769963756687364 0.00775574270838211 0.00781709193960652 0.00788378817789235 0.00795589086137915 0.00803342432856067 0.00827339084783158 0.00836168414320592 0.00845536262529876 0.0085543916619283 0.00865873380279902
0.0138951544280036 0.0130558809341203 0.0122939694538266 0.0116045499281601 0.0109829693864886 0.0104247974780036 0.00992583739853652 0.00948214076687789 0.00909002728529348 0.00874610725396139 0.00844730616668745 0.00819089088202295 0.00797449473088658 0.00779614006060757 0.0076542499127656 0.0075476353450674 0.00747542671827287 0.00743688366701294 0.00743095732300623 0.00745545325690561 0.00750593402149739 0.00757523162501191 0.00765447078107878 0.00773508331393578 0.007810493678187 0.00787682425550973 0.00793269703765589 0.00797852109414108 0.00905633417998138 0.00908588166865143 0.00911043392099643 0.00913165748804137 0.00915103842744863 0.0075231095002856 0.00754293501032717 0.00756491803958793 0.00758980420716616 0.00761820973148524 0.00765063858341993 0.00768749716998982 0.00772910678768761 0.00777571480439773 0.00782750465217705 0.00788460527978283 0.00794709970429283 0.00801503315566354 0.0080884207126929 0.0081672541230897 0.00841402933584668 0.00850348810915939 0.00859831356070124 0.00869846912909686
0.0141344442942617 0.0132749611233016 0.0124976017677766 0.0117969621376343 0.0111678978640855 0.0106055355692331 0.0101052867121153 0.00966286115946537 0.00927428296379857 0.00893590455672968 0.00864441934968385 0.00839687118807027 0.00819065700045033 0.0080235196764988 0.00789352260951908 0.00779899156148367 0.0077383947106138 0.00771010828739076 0.00771198570263364 0.0077406856139467 0.00779096930182558 0.00785558409914501 0.00792623235030963 0.00799524273901657 0.00805702062587245 0.00917055003947004 0.00920871936835839 0.00923777070776886 0.00925944059412314 0.00927565743100116 0.00928824100817019 0.00929879148609821 0.00930867221608619 0.00931902946226617 0.00933082187743072 0.00934484952892179 0.00936177822537347 0.0093821596600752 0.00940644757277662 0.0094350108634958 0.00946814486400518 0.00950608090500377 0.00954899502984404 0.00959701604687315 0.00965023295115489 0.00806689035090218 0.00813656698988053 0.00821168959520572 0.00829223155864057 0.00880969847508446 0.00889773748198004 0.00899109486466714
0.0143751009236157 0.0134953999957613 0.0127023835736972 0.0119901338099999 0.0113530332457383 0.0107857806625696 0.0102834063377281 0.00984128404357298 0.00945514137381887 0.00912106575929128 0.00883550527461715 0.0085952619626033 0.00839747456141678 0.00823958653147799 0.00811929064204429 0.00803443650273025 0.00798287584984929 0.00796220688885077 0.00796937556510008 0.00800015722109371 0.00804873876536245 0.0081078364537817 0.00926096250299235 0.00931197744049198 0.00935503188782784 0.00938798245537989 0.0094110496833141 0.00942585975845715 0.00943453128744999 0.00943912796600131 0.00944144220477336 0.00944295865139213 0.00944488768590326 0.00944821455176773 0.00945374452980676 0.00946213881846106 0.00947394191244657 0.00948960175429576 0.00950948500213397 0.0095338884290446 0.00956304846445635 0.00959714925043495 0.00963632936642807 0.00968068847763524 0.00973029334148668 0.00978518344473916 0.00984537654100789 0.00991087354722935 0.00998166335723958 0.0100577270340689 0.00894504310656274 0.0090346854690023
0.0146144339141161 0.0137146514968265 0.0129058550066067 0.0121816403409034 0.0115359404990159 0.0109630454900673 0.0104576179767457 0.0100147030466981 0.00962973330342199 0.00929852665825696 0.00901727603885248 0.00878252851636122 0.00859115083908225 0.00844027700073388 0.00832722967438115 0.00824940294021885 0.00820408691387142 0.00818821016296496 0.00819799034152782 0.00936154845449794 0.00939471967790563 0.00943682149236107 0.00948030391906949 0.00951877612699067 0.00954817812554658 0.00956725829468588 0.00957704657736919 0.00957972521694125 0.00957766025895861 0.00957292649509215 0.00956719517988455 0.00956177600831915 0.00955769522008956 0.00955576587233378 0.00955664167645027 0.00956085466197082 0.00956884149737393 0.00958096134428657 0.00959750869554288 0.00961872238146285 0.00964479299907989 0.00967586861833331 0.00971206043986687 0.0097534474417929 0.0098000815127 0.0098519917861473 0.00990918912828537 0.00997167057466721 0.0100394231789285 0.010112427788956 0.0101906622838911 0.0102741047114748
0.0148496802859213 0.0139301587303181 0.0131056058010988 0.0123691667696139 0.0117143557967749 0.0111350782921246 0.0106256472345694 0.0101807902777404 0.00979565000302205 0.00946577401179544 0.00918709457458311 0.00895589575362521 0.00876876436205038 0.00862252140012455 0.00851412621718111 0.00778516941472374 0.00775654904657585 0.00775343994862244 0.00955002427862529 0.00956273148915637 0.00958912397421107 0.00962204751637336 0.00965452241151039 0.00968086063379604 0.00969775002000498 0.00970472173437536 0.00970349248590519 0.00969663292620086 0.00968656769735728 0.00967522176298564 0.00966403561651694 0.00965408257561401 0.0096461788521729 0.00964096295809952 0.00963894782923679 0.00964055408164333 0.0096461308111486 0.00965596886022859 0.00967030983138149 0.00968935205134596 0.00971325544721689 0.00974214565137059 0.00977611762984779 0.00981523964854437 0.00985955673680104 0.00990909464948648 0.00996386326265775 0.0100238605207256 0.0100890757347007 0.0101594928002836 0.0102350931958625 0.0103158587919234
0.015078070463885 0.0141394196681122 0.0132993420010364 0.0125505775590174 0.0118862596636296 0.0112999403116552 0.0107856064944969 0.0103376849809695 0.0099510380975975 0.00962094715193599 0.00934308341346094 0.00911346468842738 0.00818922463345096 0.00806782225562681 0.00798068437706261 0.00792471742449729 0.00789659849950939 0.00789256666985444 0.00971513619737182 0.00972095072747683 0.00973837968997278 0.00976072640090844 0.00978170170212127 0.00979634491805428 0.00980201703716044 0.00979891405402822 0.00978928152802706 0.00977584650580562 0.00976084467637522 0.0097458619487246 0.00973199580986208 0.00972003242322302 0.00971056713561595 0.00970407510841508 0.00970095064567625 0.00970152868534725 0.00970609663013581 0.00971490117698319 0.00972815259072569 0.00974602745401096 0.00976867128230708 0.0097962008724554 0.00982870684632209 0.00986625625587481 0.0099088957365441 0.00995665430644625 0.0100095468388277 0.0100675769372511 0.0101307401607839 0.0101990269742726 0.010272425364755 0.0103509232040786
0.0164614503448754 0.015461565404807 0.0145670761997908 0.0127239670171367 0.0120499266283468 0.0114560550827153 0.0109360438597533 0.0104840418713717 0.0100946471755617 0.00890652158992541 0.00866316310156781 0.00846402913089617 0.00830556033706966 0.00818435248696389 0.00809704570564361 0.00804018866117658 0.00801007840654305 0.00986060612168589 0.0098406967122547 0.00983691844729279 0.00984317330336535 0.00985342661160598 0.00986227603054187 0.00986561194184394 0.0098614470790409 0.00985052201526783 0.00983539740320489 0.00981862498935854 0.00980193343812267 0.0097863655511909 0.0097725825287733 0.00976106179698701 0.00975219301553319 0.00974631845736193 0.00974374814405414 0.00974476409895709 0.00974962151670376 0.00975854823476967 0.00977174469564366 0.00978938382750004 0.00981161185326842 0.00983854942605318 0.00987029318756149 0.00990691794176296 0.00994847917708609 0.00999501551112557 0.0100465517506235 0.0101031014836447 0.0101646703049042 0.0102312582226118 0.0103028622087905 0.0103794786332862
0.016707120770643 0.0156895914914433 0.0147802571619039 0.0139711655026872 0.0132547660133044 0.0126239418870757 0.010841334848147 0.0104141916739311 0.0100481251892775 0.00973823265821945 0.0121566755730594 0.0118720223055986 0.01163884986239 0.0114525103300305 0.0113083664125238 0.0112016602136288 0.0111273764727322 0.0110801257180806 0.0110540956517841 0.0110431389487527 0.0110410565613375 0.0110420613400601 0.0110412857028853 0.0110351978447899 0.0110221927650263 0.0110033592117344 0.00984474694935778 0.00982809395430831 0.00981300200884245 0.00979978501806009 0.00978863164170423 0.00977974232250258 0.00977335366530569 0.00976972742240148 0.00976913424198482 0.00977184033945625 0.00977809802150316 0.00978813986320124 0.00980217529918064 0.00982038886909768 0.00984293982980615 0.00986996277444084 0.00990156878378912 0.00993784735642922 0.00997886845152452 0.0100246851000847 0.010075336146975 0.0101308486738774 0.0101912410119212 0.0102565251804449 0.0103267092949724 0.0104017999224885
0.0169347809371473 0.0159015410248687 0.0149787075940324 0.0127032457166922 0.0120505983117223 0.011477796702745 0.010978406323233 0.0105464620161951 0.0101764455157497 0.0126603517844474 0.0123140742570035 0.0120242018843137 0.0117856593618281 0.0115934748163302 0.011442668706572 0.0113281356229578 0.0112445351858549 0.0111862253118232 0.0111472894078734 0.0111217220147234 0.0111038204895251 0.0110887503459717 0.0110730842266022 0.0110549420319066 0.0110338582674096 0.0110112907916839 0.010989445555664 0.0109691818750235 0.0109504619198713 0.0109331758855849 0.0109173796075461 0.0109032749910521 0.0108911475492609 0.0108813179596859 0.0108741117277605 0.0108698418196859 0.0108687996140233 0.0108712499578891 0.0108774294679882 0.0108875460868605 0.0109017799372213 0.0109202845170987 0.0109431887296954 0.0109705991308156 0.0110026021167431 0.0110392669769807 0.0110806480853073 0.0111267880968128 0.0111777202463274 0.0112334709478686 0.0103443600435007 0.0104182437996858
0.0153871399201259 0.0144398719334672 0.0135960100093273 0.012847606579991 0.0121871555112308 0.0116076122942287 0.0111024009360466 0.0106654045132607 0.0132195748934581 0.0128049079453425 0.0124521354399276 0.0121557342047644 0.0119103587044648 0.0117107463668477 0.0115516114467943 0.0114275403815201 0.0113329087302553 0.0112618558065863 0.0112083685976571 0.0111665366269168 0.0111310328920708 0.0110978411552583 0.0110651322328956 0.0110336977286193 0.0110056911734068 0.0109830466084724 0.0109658033859802 0.0109519465139203 0.0109398314162043 0.0109287498200118 0.0109185908104075 0.0109095383042268 0.0109019047213458 0.0108960479314749 0.0108923306784366 0.0108911004759795 0.0108926802164126 0.0108973638370181 0.0109054147037647 0.0109170659232995 0.0109325210408125 0.0109519558758215 0.0109755204700656 0.0110033412932532 0.0110355238091175 0.0110721551117796 0.0111133066948528 0.0111590367888929 0.0112093934342283 0.0112644165955105 0.0113241406082261 0.0113885961311957
0.0155409151994789 0.0145845989826685 0.0137324839887313 0.0129766057193788 0.0123094154316279 0.0117238040774948 0.0112131113716852 0.0107711178966103 0.0133543239388208 0.0129324894416752 0.0125725736811456 0.0122688466758337 0.0120157345594207 0.0118077273918262 0.0116392802038361 0.0115047219760617 0.0113981955569345 0.0113136620188336 0.0112450149414336 0.0111863522536182 0.0111324564351061 0.0110795705184952 0.011026750622987 0.0109782709838665 0.0109436913863623 0.0109266510163142 0.0109195896330935 0.0109155585784305 0.0109119794618318 0.0109082733847235 0.0109045601583006 0.0109011962623042 0.0108986099387607 0.0108972376458102 0.0108974979868045 0.0108997813368536 0.0109044453021273 0.0109118136238238 0.0109221764270366 0.0109357913323332 0.0109528850342083 0.0109736552059907 0.0109982727366627 0.0110268840088191 0.0110596135847293 0.0110965666203294 0.0111378316889735 0.0111834831922017 0.0112335841386238 0.0112881884793674 0.0113473432267772 0.0114110907242059
