R/Data/side_v1_12_8.asc
NCOLS 365 
NROWS 740 
XLLCORNER 0.791666667335165 
YLLCORNER 6.2083333340009 
CELLSIZE 0.00833333332967033 
NODATA_value -9999 
[rows 92 to 114 of 740, columns 260 to 311 of 365]
0.0804018119508048 0.0810559911550797 0.0817467818181117 0.0824755748634338 0.0744271993073593 0.0755813699003261 0.0767648049520507 0.0779755429846467 0.0792105726762872 0.0804657161032834 0.0817355215771424 0.0830131760701893 0.0842904486265638 0.0855576725527637 0.0868037808084972 0.0880164022772419 0.0891820265401226 0.0902862436873085 0.0913140514533126 0.0922502277688586 0.0930797501059882 0.093788244829391 0.0943624426198551 0.0947906132267007 0.0950629604551152 0.0951418487369473 0.0951050920876812 0.0948991239297632 0.0945239768831913 0.0939825305005224 0.0932804849381152 0.0924262253090533 0.0914305545389285 0.0903062965175101 0.0890677931637691 0.087681247456484 0.0862454042958547 0.0847429059840986 0.0831887868810749 0.0815972483601533 0.0801280167239341 0.0785054271790312 0.0768810063976192 0.0752639899320529 0.073662360057287 0.0720829214663563 0.070531403466355 0.0690125695160151 0.0675303314682537 0.0660878532860995 0.0650948390097465 0.0620830590595602
0.0791251942556846 0.0797792824636357 0.0804724233358077 0.0812058504583737 0.0819800955684795 0.0827949178617358 0.0752447976234194 0.0764563679920122 0.0776949007415072 0.0789560307781146 0.0802341190248977 0.0815221789136456 0.082811834976669 0.0840933178822665 0.085355509967901 0.0865860479542058 0.0877714889254942 0.0888975464621395 0.0899493898445619 0.0909120039203201 0.0917705949302223 0.0925110234105063 0.093120245238122 0.0935867332617362 0.0939008610040203 0.0940265880018725 0.0940377300179486 0.0938833725951111 0.0935635077410127 0.0930808653866826 0.0924408598877969 0.0916514352990359 0.0907227965617121 0.0896670345428807 0.0884976662878522 0.0871928016304654 0.0858234555288981 0.0843856808774295 0.0828938277868432 0.0813615309263152 0.079957659423592 0.0783864829155966 0.0768095410609315 0.0752359956645622 0.0736738502488919 0.0721300077945688 0.0706103534821376 0.0691198456980248 0.0676626129701233 0.0662420445765107 0.0652789599721286 0.0622178400541805
0.0777484118588473 0.0783976914684104 0.0790890970431315 0.0798237973321429 0.0806022138588609 0.0814239488665748 0.0822877049787804 0.0748455643996341 0.0760860333999224 0.0773523895362684 0.078638809581133 0.0799381149325406 0.081241746202866 0.0825397736941982 0.0838209563624047 0.0850728546324115 0.0862820024382464 0.0874341427845377 0.0885145232922526 0.0895082460504253 0.0904006613132532 0.0911777853901368 0.0918267264987095 0.0923360927626644 0.092696362398828 0.0928732590040896 0.0929361176278414 0.0928367953329243 0.0925751856264376 0.092153820830293 0.0915778022356924 0.0908546330118213 0.0899939521138507 0.0890071796714649 0.0879031181663655 0.0866842325692258 0.0853810102898141 0.0840075180437104 0.0825774984122704 0.0811040804896978 0.0797652072149359 0.0782453550437813 0.076715955860542 0.0751860973257044 0.0736637935920977 0.0721560278748171 0.0706688187749299 0.0692072952190666 0.067775779369451 0.0663778651901881 0.0654455337521918 0.0623294599197719
0.0748629390143079 0.0754984213615717 0.0761820768129003 0.0769154653913089 0.0776994003904904 0.0788598655707411 0.0797404808760708 0.0806676957247801 0.0733517954253247 0.0746429387769425 0.0761788365213172 0.0775250159847939 0.0788838941191414 0.080245254833653 0.0815974331388882 0.0830331054595341 0.0843272301597568 0.0855704893233102 0.0867472994157489 0.0878418344840866 0.0888384393381801 0.0897220726531015 0.0904787631024449 0.0910960502258073 0.0915633893386738 0.0918724960821846 0.0920176169741106 0.0919957117311943 0.0918065408632866 0.0914526572605093 0.0909882894123635 0.0903166211861518 0.0895047391106869 0.0885641849984516 0.0875189656367114 0.0863396675687337 0.0850735958510978 0.0837347698887987 0.0823368687552958 0.0808929562293515 0.0793750069982262 0.077902651238504 0.0764170868936728 0.0749274119722016 0.073441718107782 0.0719671203216988 0.0705098090472055 0.0690751124383981 0.0676675659906324 0.0662909810621185 0.0649485090705291 0.0617633492379553
0.0733218425909618 0.0739403842146319 0.0746108457793896 0.075334933904638 0.0761135653654875 0.0772773402580236 0.0781613326313114 0.0790959202292874 0.0800777303950244 0.0811021007526737 0.0744116216416287 0.0757667071191373 0.0771387873883109 0.0785174459757517 0.0798908150760696 0.0813600536285902 0.0826829555771403 0.083958368587356 0.0851706111373393 0.0863037958197754 0.0873422349334501 0.0882708731175427 0.0890757299760228 0.0897443272094964 0.0902660793552355 0.090632627329451 0.0908380962289085 0.0908792686388059 0.0907556627781937 0.0904695138803061 0.0900787327816486 0.0894777333929246 0.0887372298472702 0.0879186130979297 0.0869092745320551 0.0857980547584653 0.0845983781663439 0.0833237261019775 0.0819873123965917 0.0806018204927549 0.079126637831976 0.0777064354315604 0.0762693989852206 0.0748245643081984 0.0733800285514318 0.0719429691047924 0.0705196835755133 0.0691156400036243 0.0677355364986 0.0663833609781176 0.0630702412483775 0.0618106261968218
0.071713145093072 0.0723080775141349 0.0729587743215474 0.0736672099910148 0.0744345364571718 0.0755958846276724 0.0764783301602327 0.0774161182871111 0.0784058386611222 0.0794427062195602 0.0807439853747567 0.0739213013296435 0.0753047788157583 0.0766998128469046 0.078094327825759 0.0795974513442416 0.0809507017473727 0.082260557894103 0.0835111484541461 0.084686420823846 0.0857705443458535 0.0867483363382494 0.0876056959814392 0.0883300199163519 0.0889105823640473 0.089338857234936 0.089608766734612 0.0897168454546711 0.0896623103279907 0.0894470362208604 0.0891325110523093 0.0886045426897744 0.0879373961927163 0.0872091456722237 0.0862702099679373 0.0852280370884771 0.0840955185080382 0.0828856545255538 0.0816112455431909 0.0802846389906586 0.0788527631911434 0.0774851384580927 0.0760970862309438 0.0746975908714652 0.0732947598612512 0.0718958312049797 0.0705072044457545 0.0691344798588864 0.0677825097052783 0.0664554493351272 0.0630682285729837 0.0618313382593519
0.0700517600024146 0.0706163908390435 0.0712405253449505 0.0719265147188411 0.0726758714677887 0.0738281711439151 0.0747030509324716 0.0756385786250495 0.0766314464952409 0.0776768754271115 0.0789949638219573 0.0801309319378687 0.081296001374728 0.0747974827800516 0.0762116771403193 0.077747626244048 0.0791314739822787 0.0804768331769793 0.0817675722190262 0.0829873844093858 0.0841201937646355 0.0851505795934509 0.0860642065491132 0.086848232773347 0.087491682907559 0.0879857620538006 0.0883240969282332 0.088502893227687 0.0885209992964424 0.0883798777415817 0.0881444680712752 0.0876921512432218 0.0872147044739086 0.0864645323136252 0.0855976006647476 0.0846258140727098 0.0835615796853661 0.0824174647943233 0.0812059010240351 0.0799389384700946 0.0785511878240363 0.0772367940157862 0.0758983769430021 0.0745448829448678 0.0731844359293357 0.0718243372040418 0.0704710863086261 0.069130412212357 0.0678073159943952 0.0665061152739907 0.0630372683079563 0.0618240099433364
0.0683537462384383 0.0688817102676129 0.0694726272073616 0.0701293133964302 0.0708537510257185 0.0719898633289155 0.0728504040378564 0.0737772211793135 0.0747672629380517 0.0758159045118488 0.0771458918420531 0.0782973590111259 0.0794838082271631 0.0806940777744445 0.0742499220569992 0.0758161229313709 0.0772293033281917 0.0786097600507316 0.0799410634309212 0.0812065904933726 0.0823899375550886 0.0834753489297652 0.0844481464458334 0.0852951375348339 0.0860049844058543 0.0865685143066888 0.0869789570380058 0.0872320979480534 0.0873263387815337 0.0872626667960862 0.0871093258010439 0.0867354563908876 0.0863547252482812 0.0856798635069358 0.0848868626515782 0.0839871410625687 0.0829926583928581 0.0819155870831487 0.080768026470428 0.079561762563306 0.0782192400339238 0.0769589726081772 0.0756710545909458 0.0743644073152227 0.0730471799839913 0.0717267412663556 0.0704096923224767 0.0691018899629954 0.0678084820071784 0.0665339456496012 0.0629756641243301 0.0617869630381087
0.066005382485131 0.0664981249562002 0.0670567240247651 0.067684653705146 0.0683846273654597 0.0691584014671801 0.0700065709624374 0.0709283697808155 0.0719214886495081 0.0729819237266452 0.0743850659377044 0.0755528158982553 0.0767639619207763 0.0780072459447844 0.0792698036611229 0.0728926649565668 0.0743446513062148 0.0757713118147457 0.0771555261272097 0.0784798751476144 0.0797638379802335 0.0809237313004474 0.081974323987004 0.0829014272081704 0.0836927513782382 0.0848947460410835 0.0853725444238091 0.0856948422095454 0.0858595980332043 0.0858673563498342 0.0857211238551772 0.085611243361927 0.0851400328126531 0.0845377373286923 0.0838145910139398 0.0832597817816872 0.082337132936366 0.0813280208887695 0.0802443744770471 0.0790978721052881 0.0778997508050908 0.0766606627413038 0.0753905726106089 0.074098696639264 0.0727934704399906 0.0714825428385956 0.0701727885315159 0.0688703313355439 0.0675805775952018 0.0638361552239861 0.0626290372083668 0.0614438543142667
0.0642785433462657 0.0647238702022603 0.0652374104057509 0.0658231924878402 0.066484536703602 0.0672238333081713 0.0680423099604743 0.068939802892466 0.0699145476406704 0.0709630042914379 0.072370296053574 0.0735405904253002 0.0747614519294859 0.076021637355858 0.0773081885929615 0.0786066325330164 0.0799012393918733 0.0737318793164751 0.0751511058755343 0.0765174014586269 0.0778512468462209 0.0790658057762615 0.0801767759384905 0.0811694588753832 0.0820310145829424 0.0833325001716565 0.0838880060924557 0.0842906205253147 0.0845376653118582 0.084629042914196 0.0848085331991866 0.0845599547040059 0.0841706390307043 0.0836489719934746 0.0830046667947868 0.0825313990449053 0.0816824266239619 0.0807439636660087 0.079727646710264 0.0786449310731711 0.0775068969207338 0.0763241034578916 0.0751064803160029 0.0738632593188031 0.0726029348203739 0.0713332497739867 0.0700612003818368 0.0687930528219116 0.0667600245426951 0.065525856495344 0.06430962210303 0.0631149858580134
0.0625635167489091 0.0629577393872089 0.0634219256532617 0.0639606667997455 0.0645779174762055 0.0652767498334001 0.0660590916842274 0.066925467972222 0.0678747619277938 0.0689040159433443 0.0703077122040328 0.071473398464223 0.0726971010143978 0.0739677440859112 0.0752724237280147 0.0765966107818239 0.0779244131146648 0.0792388979843603 0.0730890525769999 0.0744935791198176 0.0758742718190681 0.0771413638099266 0.0783113580818431 0.0793690028808038 0.0803008437546185 0.0817009492164369 0.0823353532519007 0.0828198913058227 0.0831511525846696 0.0833283068436183 0.0836126773954416 0.0834492059446978 0.0831442572410765 0.0827056251557527 0.0821424762629476 0.0817527160433387 0.0809795362670211 0.0801137242795584 0.0791666291562535 0.0781494883544271 0.0770732333581578 0.0759483377130812 0.0747847028758726 0.0735915826625343 0.0723775358286342 0.0711504036690759 0.0690818152182095 0.0678609751945247 0.0666455918606617 0.065440730624823 0.0642508268837112 0.0630797199878654
0.0608744429051922 0.0612150411262758 0.0616267287860011 0.0621146458302422 0.0626833848764964 0.0633367203550483 0.064077317434646 0.0649064428595387 0.0658236961189655 0.0668267858717716 0.0682191615467461 0.0693728137778468 0.0705919112959593 0.0718656920310174 0.073181461581843 0.0745247917187971 0.0758797794167871 0.0772293665913407 0.0785557115414117 0.0798406056758457 0.0738441261685779 0.075159835086708 0.0763857200164592 0.0775059778963836 0.0785065146251378 0.0800029040776665 0.0807160155873009 0.0812828636366795 0.081699216897541 0.0822809126606186 0.0823520062499396 0.0822756003356999 0.0820570923123422 0.081703628823923 0.0812237866609827 0.0809194353470989 0.0802241601489521 0.0794330544552911 0.0785571683400018 0.0776075162609021 0.0765948774609932 0.0755296387742491 0.07442167407922 0.0732802599777505 0.071210337452527 0.0700406525525616 0.0688606091836806 0.0676767627721932 0.066494997282971 0.065320546026359 0.0641580182791853 0.0630114301525243
0.0592237452476578 0.0595093787079895 0.0598666201188519 0.0603011289324522 0.060818120726131 0.061422070806201 0.0621163927857665 0.062903117044048 0.0637825927472842 0.0647532403372342 0.0661270591433385 0.0672614798478361 0.0684684748005729 0.0697377180342686 0.071056867481511 0.0724117535095901 0.0737866275659958 0.075164471420423 0.0765273599783709 0.0778568731687299 0.0791770209888463 0.0731339821631223 0.0744108536606366 0.0755895830883874 0.0766554596941912 0.0782441602884871 0.0790341919318827 0.0796822715713736 0.0801832803689677 0.0808665687707362 0.0810254591173126 0.0810372706316912 0.0809066285023056 0.0806399635969192 0.0802452036170253 0.0800279110802841 0.0794124836211225 0.0786980482258963 0.0778953310671997 0.077015103028419 0.0760679757587801 0.0750642383302525 0.0730354963530544 0.0719623967921229 0.0708598122036284 0.0697357646218348 0.0685976166998618 0.0674520660864539 0.0663051546498697 0.0651622844340568 0.0640282400863061 0.0629072161101083
0.0569558479508531 0.0571813580460685 0.0574785597301722 0.0578536294013382 0.0583124517557379 0.0588602969691435 0.0595014639574142 0.0602389182623132 0.0610739553813381 0.0620059199150947 0.0630320021753563 0.0641471173267042 0.0653438694751117 0.0666125861326731 0.0679414188515634 0.0699890091402512 0.0713844257414686 0.0727917820390939 0.0741930125827226 0.0755693822058368 0.0769019382040582 0.0781719922341401 0.0721165948391458 0.0733475104204272 0.0744716835797797 0.0755755334203861 0.076443896611012 0.0771743932367412 0.0781471765371597 0.0785427444616077 0.0787892261294753 0.0788882754402132 0.0788437170217191 0.0786612804204552 0.0783483000011889 0.0780343028446055 0.0774855129643288 0.0768344536589888 0.0760917801340945 0.0752682623969037 0.0740706271331819 0.0731355816695128 0.0721492500262876 0.0711210414085555 0.0700597950954967 0.0689737317825099 0.0678704264659407 0.0667567963540128 0.0656391036824562 0.0645229670849043 0.0637468004328007 0.0626457763834529
0.055408528104389 0.0555793497202778 0.0558212842870259 0.0561409363035261 0.0565447462754472 0.057038637357875 0.0576276215827013 0.058315399881051 0.0591039925272418 0.0599934378578157 0.0609815817784484 0.0620639622936067 0.0632337822008446 0.0644819503229686 0.0657971816101976 0.0678519066153425 0.0692502758324768 0.0706689455042951 0.0720901410070203 0.0734952925263015 0.0748654654423877 0.0761818275242582 0.0774261383209541 0.0785812323551299 0.0725292323722462 0.0737059817883226 0.0746422421503011 0.0754466963557486 0.0765069358599596 0.0769855636544388 0.0773177867667592 0.0775042876347379 0.0775479520136628 0.0774536261493896 0.0772278322697399 0.0770005124545106 0.0765350083718201 0.0759643937158809 0.074159972996049 0.0734262443824019 0.0733816545075745 0.0725114453253205 0.0715859247297029 0.0706144683947562 0.0696059371608224 0.0685686178001157 0.0675101875923346 0.0664376936283978 0.0653575489479002 0.0642755376524812 0.063533057693306 0.0624597969593618
0.0539250448554176 0.0540428744931282 0.0542307999712256 0.0544958148862163 0.0548448878289509 0.0552845742112045 0.0558205789644707 0.0564573108833787 0.0571974758651299 0.0580417550654731 0.0589885935330827 0.0600340995333918 0.0611720378532557 0.0623938877680359 0.0636889496216421 0.065742512061875 0.0671358290569474 0.068557300737063 0.0699896047289797 0.0714145191283004 0.0728133229310379 0.0741672377995723 0.0754579010413419 0.076667840245081 0.0777809335112255 0.0718120287971896 0.0715596361707361 0.0724132847834002 0.0748207211286396 0.0753781068576 0.0757925741476706 0.0760637962093471 0.0761936681654318 0.0761860886090064 0.0760466976900382 0.0759056866604614 0.0743057184238875 0.0738315991349005 0.0732594663231873 0.0725992646760716 0.0726340704530044 0.0718297615660719 0.0709662216968572 0.0700527575679016 0.0690982207326761 0.068110939294803 0.0670986720431493 0.0660685799883506 0.0650272140400959 0.0639805144357011 0.0632727467792869 0.0622283329456291
0.052509882974994 0.0525771303894657 0.0527130777067277 0.0529250728852843 0.0532205928109117 0.0536068134166623 0.0540901192238298 0.0546756012235625 0.0553666052889892 0.0561643870603706 0.0570679074846347 0.058073757672431 0.0591761872259374 0.0603671909408666 0.0616366309939615 0.0636817384329389 0.0650627290665222 0.0664789677334782 0.0679137138131953 0.0693492540037292 0.0707672659835755 0.0721492264119342 0.0734768563024988 0.0747325779809281 0.0758999677250965 0.0686816682662725 0.0697097148100604 0.0706201956453269 0.0714044933100634 0.0737306516531305 0.0742222808615454 0.0745739670345422 0.074786589028837 0.0748630554158517 0.0735186244931144 0.0734760229200581 0.0731903111799936 0.0727951069016303 0.0722994535130348 0.071712821214294 0.0718270043825931 0.0710891929574202 0.0702884139953368 0.0694338591825097 0.068534331190823 0.0675981650473038 0.0666331728784542 0.0656466060451051 0.0646451349255953 0.0636348408910293 0.0629627373851546 0.0619481919082289
0.0511657985852179 0.0511854338902306 0.0512720438930395 0.0514333028996225 0.0516771872363802 0.0520114966017058 0.0524432964105561 0.0529783447566519 0.0536205826466721 0.0543717633976516 0.0552312597537847 0.056196030284463 0.0572606988978548 0.0584176839548232 0.0596573454456591 0.0616879616529611 0.0630504028734957 0.0644542371924205 0.0658833952495105 0.0673207995217256 0.0687486854626394 0.0701489695412814 0.0715036592961933 0.0727952824644442 0.074007322282665 0.0667950215217033 0.0678636564991302 0.068822305542541 0.0696617371751235 0.0703748951431323 0.0709569740130631 0.073044257241772 0.0719871012755861 0.0721536429386603 0.0721903943061743 0.0722275517831438 0.0720202617097309 0.0717022211788059 0.0712818272930994 0.0707680069452552 0.0709608592973451 0.0702895321350936 0.0695517684581463 0.0687565901968893 0.0679127026201553 0.0670284053716809 0.0661115273922901 0.0651693795778699 0.0642087262588803 0.063235769019108 0.0626001462648634 0.061616373821841
0.0475940712357225 0.0475603641979613 0.0475911348752142 0.0476943902654626 0.0478789311672288 0.0481537983310582 0.048527585225149 0.0490077027349947 0.0495997146024436 0.0503068647672747 0.0518333044659656 0.0527898595801221 0.0538566034742121 0.0550268127065601 0.0562916096510722 0.0579284228754525 0.059336779601936 0.0607997527770516 0.0623012380896081 0.0638238116286468 0.065566422487494 0.0670468182390366 0.0684908619916233 0.069880030240607 0.0626662086840837 0.0640278154796088 0.0651923352267752 0.0662478472023051 0.0671837911077202 0.0679918899633097 0.0688372204853424 0.0696151232201834 0.0699825799447696 0.0702172761119464 0.0703222190827111 0.0706333866779087 0.0704932156201136 0.0702416982725602 0.0698867208526504 0.0694367710414106 0.0691212900338467 0.0685165962677199 0.0678432626170115 0.0671100884363547 0.0663256281802556 0.0654980935002148 0.0646352771715249 0.0637444968424818 0.0628325570730822 0.0619057252587905 0.060969720280177 0.0600297122561068
0.0464045862660547 0.0463309909177763 0.0463195020593514 0.046378335559043 0.0465167597090744 0.0467444750226342 0.0470708188295906 0.0475038994882857 0.0480498194485551 0.0487121512810683 0.0501923977523009 0.0511070506042819 0.0521335002772889 0.0532651891287838 0.0544935429226621 0.0561028088346465 0.0574810668050694 0.0589178148389363 0.0603977516037468 0.0619043006015111 0.0636451706961675 0.0651237260226691 0.0665736944593163 0.0679770801077015 0.0608097146105254 0.0621889951652854 0.0633747064827637 0.0644594741184852 0.0654324273603682 0.0662847954198512 0.0776311345075252 0.0680062549710386 0.0684352493853966 0.0687351862312501 0.068908118632804 0.0692964169652307 0.0692266644036358 0.0690456522606761 0.0687605181270758 0.068379091434969 0.0681350952407832 0.0675947346400973 0.0669830500799004 0.0663085458672638 0.0655795628080025 0.0648041711618621 0.0639900866210752 0.0631446041286627 0.0622745515407505 0.0613862570251736 0.0604855304820957 0.0595776561955672
0.0452857986662163 0.0451762609313571 0.0451262106328776 0.045144046080112 0.045239530991651 0.045423096269747 0.0457049113405396 0.0460938470866677 0.0465965445809622 0.0472168245258004 0.0486533233017424 0.0495281489160629 0.0505157732814526 0.051609646648599 0.0528013665416803 0.0543814317870396 0.0557272964240578 0.0571344097297664 0.05858825703605 0.0600731238023999 0.0618050216157644 0.0632740017636504 0.0647212831562252 0.0661295359380522 0.0590237066178351 0.0604116807591739 0.0616093554433742 0.0627138724833839 0.0743880419772515 0.0752153962971781 0.0761039420464022 0.0664011620619034 0.0668831454463097 0.0672403855181294 0.0674740478177709 0.067932676464122 0.0679275585560844 0.0678119953701733 0.0675923527968186 0.0672757639429547 0.0671002737799157 0.0666217375299587 0.0660696946221017 0.0654522940178898 0.0647776033263981 0.064053494842292 0.0632875540609394 0.062487004860955 0.0616586550600458 0.0608088555415369 0.0599434740652736 0.0590678807873258
0.0523932514114295 0.0521981354670411 0.0440095984780737 0.0439899723708922 0.0440458009553948 0.0441883477527911 0.0444287472309881 0.0447767409089408 0.0452395332873156 0.0458211091024059 0.0472170440490308 0.0480549049346102 0.0490060334662891 0.0500637210127799 0.0512196020038914 0.0527698892171227 0.0540821667234082 0.0554573826891754 0.0568817788451874 0.0583404946303786 0.0600573828489647 0.0615101690330837 0.062947176460209 0.0559805645805345 0.057319146861334 0.0587076865463309 0.0706513455833253 0.0717545351933112 0.072747443524829 0.0736206418215546 0.074570232781091 0.0648135113996507 0.0653394762420184 0.0657454709932118 0.0660318664457843 0.0665531954430715 0.0666060229999481 0.0665499051056761 0.0663904369263173 0.0661340387309261 0.0660231285628499 0.0656030033677375 0.0651077352045261 0.064545064644023 0.0639227305965908 0.0632483526759901 0.0625293327005823 0.0617727737724318 0.060985417482038 0.0601735960253285 0.0593431980574474 0.0584996478673672
0.0513535813690679 0.0511242853641266 0.0509499553530448 0.0508411874622569 0.0429332422624525 0.0430379075066723 0.0432400672303394 0.0435504997372709 0.0439770269778271 0.0445237032700471 0.0458828590910324 0.0466872481942588 0.0476048908210068 0.048628748446579 0.0497503631305274 0.051271164555829 0.0525495693905279 0.053891606851771 0.0552842413485649 0.056713447363511 0.0584104617925759 0.0598415933624102 0.0626148828423375 0.0543823798452502 0.0663662121739418 0.0677778184648683 0.0689924398625441 0.0701159148054361 0.0711367980711124 0.0720454190514255 0.0730451337072603 0.0632561984377771 0.0638170302731495 0.064262949783936 0.0645936451962058 0.065169482046053 0.0652728884261345 0.0652694527659048 0.0651640253801177 0.0649623201969226 0.0649111940999874 0.0645452091211105 0.0641030101859151 0.0635918876196991 0.0630192049605241 0.0623922794972189 0.0617182796732927 0.0610041391964576 0.0602564875942033 0.0594815955180868 0.0586853338620628 0.0578731461510074
