R/Data/side_v1_12_7.asc
NCOLS 365 
NROWS 740 
XLLCORNER 0.791666667335165 
YLLCORNER 6.2083333340009 
CELLSIZE 0.00833333332967033 
NODATA_value -9999 
[rows 368 to 390 of 740, columns 102 to 152 of 365]
0.00448865791993563 0.00450703607718652 0.00452497912083238 0.00454126249153493 0.00455490035392615 0.0045651417672589 0.0042357250144591 0.00424944181674603 0.00425935557910664 0.00426542663955594 0.00426772208987328 0.00426638776448906 0.00426162342509171 0.00425366176892051 0.00424275212229392 0.00422914811802511 0.00421309888634987 0.00419484344724259 0.00417460659368315 0.00415259670209168 0.00412900405597046 0.00410399943527301 0.0040777333610911 0.00405033485706834 0.0040219108427169 0.00399254573115855 0.00506610471022571 0.00503992201289671 0.00501265072775695 0.00498436651610049 0.00495514298050678 0.00492506122318266 0.00489422242996055 0.00486276340714674 0.00483087469243457 0.00479881929053156 0.00476695154124218 0.00473573372447272 0.00470574911414631 0.00420715279070705 0.00419560613153796 0.00398530321014453 0.00398127418816652 0.00398295788982255 0.00399162295007179 0.00400855782795509 0.00403500127555603 0.00392218580759094 0.0039724319698745 0.00480014086846894 0.00491511225188
0.00440944833150107 0.00443328376258268 0.00445670555246037 0.00447848338251523 0.00449762666279753 0.00416525295697343 0.00418793043555844 0.00420701142596898 0.00422230076683637 0.00423373579534834 0.00424135842810441 0.00424528896899564 0.00424570253692176 0.00424280991109945 0.00423684199456286 0.00422803845374209 0.00421663925257369 0.00420287900489309 0.00418698295026013 0.00416916417396865 0.00414962126014374 0.00412853647070574 0.0041060736722686 0.0040823766888632 0.00405756742829575 0.00403174442341426 0.00510618659491986 0.00508424905503099 0.00506121132745999 0.00503715874330638 0.00501216891418195 0.00498632064440172 0.00495970653474833 0.00493244880174488 0.00490471848022484 0.00487675539522317 0.00484888850520957 0.00482155391706423 0.00479530832330356 0.00428378332067657 0.00407177716136147 0.00406612690160578 0.00406482145906328 0.00406900994340343 0.00407990913282892 0.00409875462824873 0.00483928620729079 0.00490034158359368 0.0049764466199583 0.00489541760674068 0.00495006574724198
0.00433894921002371 0.00436797297308702 0.00439656601519195 0.00442350073662464 0.00408897032670032 0.00411979091873338 0.00414740575440442 0.00417145105462712 0.00419171726232006 0.00420812267885445 0.0042206869311404 0.00422950658211381 0.00423473328182882 0.00423655607748504 0.00423518711836627 0.00423085131041761 0.00422377833846651 0.00421419741409924 0.0042023332019947 0.00418840281655498 0.00417261302784956 0.00415515773414707 0.00413621520797389 0.00411594540763796 0.00409448705991811 0.00516319819783822 0.00514637433017127 0.00512834272247873 0.00510922066034533 0.00508910709306282 0.00506808701537666 0.00504623953212193 0.00502365006731905 0.00500042657891915 0.00497671920360799 0.00495274211159948 0.00492879540663796 0.00490528455157938 0.00488273512769332 0.00435784234553714 0.00414709076561031 0.00414425681611592 0.00414559793695592 0.00415222072683272 0.00416529486804561 0.00418600995384173 0.00494244321381983 0.0050056069907379 0.00508342997059996 0.0049848756136641 0.00502439589046351
0.00427740218730872 0.0043113180971923 0.00434474657614694 0.00400875293698542 0.00404671508779056 0.00408203657589937 0.00411417882218052 0.00414277472374458 0.00416760459453137 0.00418857106904711 0.00420567388084474 0.00421898747674614 0.00422864074119333 0.0042348010520194 0.00423766140029472 0.0042374310020671 0.00423432820948152 0.00422857585825782 0.00422039712671479 0.00421001255667072 0.0041976370244358 0.00418347655724446 0.00416772473576161 0.0041505593700258 0.00413213844365733 0.0051992319954578 0.00518589057653704 0.0051713485224904 0.00515574641271368 0.00513920149553829 0.00512181048838521 0.0051036566834973 0.00508482104599132 0.00506539866877679 0.0050455189022798 0.00502536885458427 0.0050052170780164 0.0049854350675525 0.00496651331249279 0.00442808604182219 0.00421860889811503 0.00421850686505163 0.00422242136213074 0.00423141706921128 0.00424661921588397 0.00426917543580776 0.00503924202865924 0.00510449038231041 0.00496590272490893 0.00506721136260487 0.00509033195272334
0.00422496718371807 0.00426344722122009 0.00430134485793689 0.00397049789386479 0.00401253809680895 0.0040519469842241 0.00408819530487992 0.00412091715662292 0.00414988629974321 0.00417499217015621 0.00419621673434614 0.00421361318899082 0.00422728829723781 0.0042373875226284 0.00424408410873977 0.00424757062839545 0.00424805316546726 0.00424574700271911 0.0042408730757536 0.00423365499226536 0.00422431559025366 0.00421307360667627 0.00420013918175393 0.00418570969933559 0.00524329663988289 0.00523430896316122 0.00522394598388537 0.00521240330576409 0.00519985018805109 0.00518642762343636 0.00517224971225332 0.00515740868451572 0.00514198526926914 0.00512606436432594 0.00510975589684204 0.00509321965788063 0.0050766911458851 0.00506050538038538 0.00449488159494078 0.00428558726697133 0.00428518935163888 0.00428773201545022 0.00429414988633654 0.00430546544294497 0.00432276046312643 0.00507340518213778 0.00512824811957316 0.00519555880625972 0.00503885497807555 0.0050119893798761 0.00586784346176649
0.004181736732383 0.00422441233910449 0.00389298471883477 0.00394062817866522 0.00398633073178193 0.00402940135924263 0.00406932456190505 0.00410573889397743 0.0041384140486031 0.00416722824451374 0.00419214663064575 0.00421320206785751 0.00423047912026385 0.00424410111104901 0.00425422068918492 0.00426101286581312 0.00426467040244123 0.00426540011401401 0.00426341985620066 0.00425895593179869 0.00425223934883838 0.00424350204412619 0.00423297206700161 0.00527922666614274 0.00527428770908965 0.0052677142021224 0.00525976110698493 0.00525066083139471 0.00524061718869921 0.00522980130614731 0.00521835078079146 0.00520637298188792 0.00519395364789453 0.00518117160597615 0.00516812001872272 0.0051549323068235 0.00514181052474454 0.0051290515618871 0.00455116499854229 0.00522492444853715 0.00523908701247443 0.00525754537131385 0.00528144344209065 0.00531204725070224 0.0053507238322082 0.00515098718481592 0.0052081929794698 0.00501341615844637 0.00510264658662963 0.00505817150004574 0.00511691870724142
0.00414774486545565 0.00381604331659688 0.00386807390869573 0.00391897991156194 0.00396791218191549 0.00401420684671651 0.00405736468184443 0.00409703061043131 0.00413297159155568 0.00416505540603349 0.00419323108787424 0.00421751125736801 0.0042379579919668 0.00425467188452907 0.0042677840993014 0.00427745135280568 0.00428385181954994 0.00428718295199642 0.00428765919967746 0.00428550900571818 0.00428097177873411 0.00427429349898318 0.00426572130941462 0.00530664911296183 0.00530354062167776 0.00529875547111403 0.00529259054521121 0.00528532054403705 0.00527718984449504 0.00526840646590507 0.00525913864402081 0.00524951584278206 0.00523963523949219 0.00522957505874369 0.00521941541846626 0.00520926564136921 0.0051992947581706 0.00518976067857752 0.00526352016936879 0.00527759211497132 0.00529500245610043 0.0053167102764271 0.00534380871946007 0.00537751048328205 0.00516943190944214 0.00521852681265716 0.00527805767907084 0.00506608440939669 0.00515662888602019 0.00499877455416033 0.00513901013253512
0.0037415763152804 0.00379668893624458 0.00385160494826351 0.00390532293455088 0.00395703434870182 0.00400610330031991 0.00405204743861203 0.0040945178951142 0.00413327888586879 0.00416818789292546 0.00419917753324308 0.00422623980312823 0.00424941383265678 0.0042687767062894 0.00428443738883567 0.00429653299522569 0.00430522653377274 0.00431070540084556 0.00431317980883788 0.0043128805894721 0.00431005571661995 0.00430496604198413 0.00533224638986543 0.00533238224397949 0.00533044422944935 0.00532678555287982 0.00532174941109077 0.00531565815670286 0.005308802914982 0.0053014354580282 0.00529376224734608 0.00528594259629526 0.00527809259852651 0.00527029629852806 0.00526262576439253 0.00525516925079071 0.00524806417043394 0.00524152926727283 0.00436575816937017 0.00437589569615137 0.00438834023348535 0.00536511114001931 0.00539525461066784 0.00543193433514074 0.00522370238414241 0.00527532603410684 0.00533714728294013 0.00510867146378042 0.00488594092223887 0.00501092779520571 0.00515137289381694
0.00372837747685732 0.00378599896706651 0.00384330975762821 0.00389936173157798 0.00395338435635737 0.00400476724275762 0.00405304233771387 0.0040978652780755 0.00413899641267776 0.00417628178946515 0.00420963677852334 0.00423903217841498 0.00426448320514516 0.00428604275558299 0.00430379664615089 0.00431786175195614 0.0043283851077407 0.00433554349650606 0.00433954285237768 0.0043406163062439 0.00433902098216815 0.00433503341684396 0.00535516054815679 0.00535588224078384 0.00535443706159705 0.00535122496386657 0.00534663971970345 0.00534105602468577 0.00533481781372003 0.00532822742885545 0.005321537177402 0.00531494450231115 0.00530859263754761 0.00530257890426553 0.00529697330875881 0.00529184694539152 0.00528730737347527 0.00485043663903043 0.00438326934981134 0.00439533978014397 0.00440983089788887 0.0044273757808079 0.00444870062797365 0.00447460892254639 0.00519718659218534 0.00525767017392436 0.00507591660799162 0.00515967102596385 0.00488898910934691 0.00501420409527122 0.00515469689420272
0.00372411171405908 0.00378367382348688 0.00384284966964166 0.00390073410965274 0.00395658620556487 0.00400981449150554 0.00405996042327125 0.00410668083478967 0.00414972951021803 0.00418893947826192 0.00422420765161125 0.00425548243002243 0.00428275446080552 0.00430605156313758 0.00432543584209978 0.00434100328796497 0.00435288460455042 0.00436124579837602 0.0043662885926238 0.00436824876447714 0.00436739333708397 0.00537268184338884 0.00537601887011585 0.00537665456576746 0.0053750263941543 0.0053715839088643 0.00536677481702909 0.00536103056244332 0.00535475297409295 0.00534830132556039 0.00534198142253075 0.00533603729626041 0.00533064805092716 0.00532593270252082 0.00532196589071748 0.00531880608168223 0.00485737429637564 0.00486084169296076 0.00439388964680262 0.00440775848204577 0.00442419118951661 0.00444377413580721 0.00446718237700132 0.00515747466636526 0.00521160902424269 0.00527448806440235 0.00509051048774027 0.00498050336850338 0.00488435081192777 0.00500960568674798 0.00514996943504168
0.00414292394897996 0.00378932429958549 0.00384980889037344 0.00390900984426585 0.0039662021242695 0.00402080351163165 0.00407235844631822 0.00412052021596704 0.00416503292108183 0.0042057143365501 0.00424244146072373 0.00427513912648276 0.00430377278436299 0.00432834452159725 0.00434889226117198 0.00436549111624392 0.00437825536943118 0.00438734061192911 0.00439294470211406 0.00439530690191257 0.00439470491178816 0.00539162979984506 0.00539437267028664 0.00539427031029424 0.00539180611881429 0.00538748141393602 0.00538180023030597 0.0053752540470116 0.0053683067527487 0.00536138017354664 0.00535484046161636 0.00534898666945841 0.00534404313689261 0.00534015964041863 0.00533742318015107 0.00533588474109714 0.00485790496247977 0.00438464952618729 0.0043979288961406 0.00441350261548404 0.00443180999962733 0.00445338556638883 0.00447884856676857 0.00516031364713487 0.0052168095890163 0.00502077355730345 0.00509671595257965 0.00476189001661226 0.00487327529797665 0.0049983747163515 0.00513841760040696
0.00415664456452223 0.00422026730675033 0.00386369086096214 0.00392369099163532 0.00398173509635096 0.00403723921040988 0.00408974318945155 0.00413889182120869 0.00418441609596433 0.00422611627880815 0.00426384790664847 0.00429751144635142 0.00432704645378392 0.0043524292287916 0.00437367367526805 0.00439083414636306 0.00440400921233194 0.00441334472463769 0.00441903570917697 0.00442132592003613 0.00540328727765047 0.00540829924290346 0.00540983339901981 0.00540838073614951 0.00540447172351876 0.00539866045132437 0.00539150862175066 0.00538356939706491 0.00537537155727854 0.005367403547671 0.00536009820729485 0.00535381759718125 0.0053488409457731 0.00534535883923499 0.00534347955164999 0.00484620285776143 0.00485098123308978 0.00438120457482131 0.0043959003700102 0.00441313593134787 0.0044332976478513 0.00445686151890586 0.00448438454141351 0.00515511480465847 0.00521387743341192 0.005018306168002 0.00488659761901941 0.00474598862436473 0.00485717450457929 0.00498191977307389 0.00512143731181637
0.00417808066971422 0.00424218095810822 0.00430610835425656 0.00394421659564102 0.00400263419865009 0.00405857832454195 0.00411157727447809 0.0041612625495823 0.00420734917412203 0.00424961778722435 0.00428790137008788 0.00432207553964053 0.00435205397364225 0.0043777873811783 0.00439926630353777 0.00441652537370147 0.00442964854656675 0.00443877331943091 0.00444409336682544 0.00541136729659398 0.00541890580872516 0.00542232148715791 0.00542208527049228 0.00541872929381144 0.0054128312076223 0.00540499765194367 0.00539584760042072 0.00538599580029822 0.0053760366811749 0.00536652796632602 0.0053579736782965 0.00535080657580976 0.00534537081744905 0.00534190935487734 0.00482795024990447 0.00483131587844862 0.00483724735241399 0.00437237640232532 0.00438847589759095 0.00440738795240686 0.00442943739111924 0.00445503262224476 0.00508979424840114 0.0051431843603761 0.00520414549321056 0.0050100119157095 0.00487569631932535 0.00472672810975334 0.00483754059299185 0.00496173550366014 0.00510051558792794
0.00420655653326404 0.00427051786796936 0.00433452032488571 0.00439762235772193 0.00445906035411338 0.00408423667133306 0.00413728567764849 0.00418706446809434 0.00423326949388998 0.00427566082961367 0.00431404828948942 0.00434828271193479 0.0043782522814533 0.00440388334851036 0.00442514428556324 0.00444205170303431 0.00445467680026416 0.00446315072183045 0.00446766782799336 0.00542645365674085 0.00543208158931311 0.00543339353402288 0.00543089521423567 0.00542515985366092 0.00541681124339123 0.00540650676708962 0.00539492020454693 0.00538272549797013 0.0053705811893239 0.00535911437995706 0.00534890346932099 0.00534045842077085 0.0053341990105064 0.00480573710718419 0.00480656806262797 0.00481049067364111 0.00481750232012021 0.0043588781446208 0.00437643187273625 0.0043970977499314 0.00442112729716623 0.00444884901610799 0.00507038359490259 0.00512597910947144 0.00492641451225046 0.00478018648681452 0.00460729160554127 0.00470557997364102 0.00481586518878799 0.0049393232384301 0.00507715351365321
0.00424129046149833 0.00430458127462334 0.00436814760512008 0.00443099964794752 0.00449233863612929 0.00455152528338132 0.00416626413313415 0.00421570225461605 0.00426158954980987 0.00430366492136184 0.00434171534714404 0.00437556766773507 0.00440508599390806 0.00443017388655648 0.00445077976326093 0.00446690451478443 0.00447860927029407 0.00448602135587388 0.00543104674650692 0.00543924736920004 0.00544250997636836 0.00544128698137878 0.00543611940622734 0.00542762041386918 0.00541645765598346 0.00540333532694108 0.00538897732370868 0.00537411181662549 0.00535945695025711 0.00534570650005666 0.00533351384952453 0.00532347168667702 0.00531608646523922 0.00477944445265512 0.00478016100253169 0.00478456253316023 0.00479263796904577 0.00434147119775944 0.00436059432216703 0.00438315688580681 0.0044093208367624 0.00443931895470918 0.00504717865164098 0.00510501817611713 0.00490939657673461 0.00476319209744557 0.00458605473897938 0.00468393711561072 0.00479356791241913 0.00491611995163635 0.00505279620054756
0.00428145300501374 0.00434362672364128 0.00440630394724431 0.00446844931301331 0.00452922941431016 0.00458797696408429 0.0046441580283736 0.00424656202053618 0.00429170518905332 0.00433303559059715 0.00437031847669602 0.004403358328448 0.00443199726391774 0.00445611862817842 0.00447565368440434 0.00449059087405114 0.00450098425776354 0.00450696068186932 0.00544380663919701 0.00544943341811746 0.00544995488377398 0.00544585376105747 0.00543770589785852 0.00542616229515429 0.00541193029627002 0.00539575520179477 0.00537840383460129 0.00536065060068382 0.00534326530960147 0.00532700230542155 0.00531258724651288 0.00530069898165908 0.00475275167168475 0.00474906215113061 0.00474956445573488 0.00475440627732009 0.00476357867588251 0.00432091833216463 0.00434179044147275 0.00436645945996457 0.00439497545337619 0.00496816430222612 0.00502163207433204 0.00482482278871717 0.00489087938668958 0.00447851658405599 0.00456562288617404 0.00466305854652794 0.004771938965938 0.00489343978371531 0.00502877423748404
0.00432621589997083 0.00438689535297585 0.00444828101382265 0.00450929973169257 0.00456908781912197 0.00462695268142581 0.00468233716172309 0.00473478828530346 0.00432300479485117 0.00436317367415912 0.00439927248293849 0.00443108570665854 0.00445843638105925 0.00448119078681863 0.00449926686935037 0.00451264420079159 0.00452137378960548 0.00544567786776309 0.00545403670615628 0.00545676161408846 0.00545425413130526 0.00544702811687868 0.00543569289478385 0.00542093388437344 0.00540349247289924 0.00538414739690226 0.00536369882735669 0.00534295620671183 0.00532272956345961 0.0053038230457462 0.00528702757887034 0.00472908119945946 0.00472005141432087 0.00471542036418091 0.004715622325322 0.00472088773074358 0.00427939443091395 0.00429794718412332 0.00432081263465415 0.00434786612080744 0.00437901500203146 0.00493907786824531 0.00499512389292992 0.00480432110154063 0.00465326119821329 0.00446002914415986 0.00454704543399046 0.00464403082944304 0.0047520982191936 0.00487243148147917 0.00529521541078907
0.00437478299179346 0.0044336387374048 0.00449336797216447 0.00455286951985899 0.00461125578239835 0.0046678129824571 0.0047219640682045 0.00477323569268622 0.00482123028265534 0.00486560496453771 0.00442800128343303 0.00445819442055049 0.00448387228903417 0.00450488815597442 0.00452115071279597 0.00453263512963324 0.00453939333403063 0.00545614937094445 0.00546147107497797 0.0054610517214213 0.00545532131683258 0.00544482466017386 0.00543020241174946 0.00541216986436622 0.00539149558390716 0.00536898230433594 0.00534545182732313 0.0053217348295816 0.0052986659861643 0.00527708347101593 0.00471045465211873 0.00469566318392179 0.00468505593963369 0.00467935546096223 0.00467915721609076 0.00468482784279903 0.00425296518971385 0.00427322865091899 0.00429840015883412 0.00432818757413198 0.00436231176639642 0.0049100570639103 0.00496892782611711 0.00478464374705136 0.00436746307728586 0.00445012505260858 0.00454184053042958 0.00464366307241322 0.00475675855533963 0.00488237968363842 0.00526121650889503
0.00442640325975698 0.00448313249753557 0.00454086461082344 0.00459847960632284 0.00465507288130174 0.0047099145606181 0.00476241144919792 0.00481207320783065 0.00485848377029981 0.00490128020232422 0.00494013924621425 0.00448415291394629 0.00450780312564701 0.00452674314914134 0.00454087710106181 0.004550180337257 0.0054556337537473 0.00546383437570798 0.00546591215610716 0.00546219530799763 0.00545314369072224 0.00543933226034589 0.00542142987208426 0.00540017627525072 0.00537635941371458 0.0053507957693453 0.00532431577706521 0.00529775537881183 0.00527195490138429 0.00524776502148752 0.00467768839993973 0.0046609263653489 0.0046486351601142 0.00464170563754844 0.00464095748922943 0.00464698072367696 0.00422511045925309 0.00424737178125699 0.00427524191489521 0.00430819037473473 0.00429713527108788 0.0043452843284421 0.00479028440633119 0.00473652898580149 0.00435275653135013 0.00443619184538748 0.00452825396706619 0.00462999991307482 0.00474261255768148 0.00506983002405956 0.00523242412593662
0.00448037118253466 0.004534682086785 0.00459008961139553 0.00464546296984675 0.00469988674823259 0.0047526202209838 0.0048030584557497 0.00485069785414186 0.00489510749806272 0.00493590830918178 0.00497276013926771 0.00500535797126412 0.00451187645465617 0.00452681095845231 0.00453709855389599 0.00454276120524093 0.00546366375357109 0.00546852136374172 0.00546723219032592 0.00546015409800574 0.00544777717444305 0.00543070478854331 0.00540963035955992 0.00538531219089539 0.00535854964710356 0.0053301627884027 0.00530097763199753 0.00527181893935612 0.00524351158014975 0.00466688446423364 0.00464450030202519 0.00462578838942529 0.00461170804372811 0.00460333297709479 0.00460178673990221 0.00460802713731124 0.00412201238226217 0.00414615985099705 0.00417669120236432 0.0042127011425048 0.00427755854914432 0.00432930691343206 0.00476374068028974 0.00426494819122798 0.00434209645092626 0.00442649109588639 0.0045190302570094 0.00462077910692338 0.00473294050819405 0.00504892216118134 0.00520938963154697
0.00453602159302603 0.00458762343407646 0.0046403846790382 0.00469317052987 0.00474506058556411 0.00479530804802464 0.00484330052900077 0.00488852521582621 0.00493054035259351 0.00496895485427337 0.00500341648396418 0.00451613785603744 0.00453310707619023 0.00454548016617008 0.00455321147992932 0.00455633248468789 0.00455495987741352 0.00454929968999079 0.00546537219204266 0.00545495523970034 0.005439337515128 0.00541914851273161 0.00539510198144594 0.00536796904779325 0.0053385532194043 0.00530766898856559 0.00527612679065114 0.00524472539806424 0.0046629593502777 0.00463598338003771 0.00461180061544925 0.00459124114352357 0.00457529278885877 0.00456518721901618 0.00456242955042779 0.00407514419565766 0.00409369505349164 0.00412077729523654 0.00415526304909929 0.00420956153895738 0.00426053943785946 0.00466533881783184 0.00462219333624038 0.00425702450609362 0.00433581500314352 0.00442132928551113 0.0045144667034114 0.00461630331459189 0.00472806242214197 0.0050341052569794 0.00519245129186199
0.00459272262426638 0.00464132106685711 0.0046911167047387 0.00474097645361055 0.00478998009816797 0.00483737924706984 0.0048825581979712 0.00492499894936982 0.00496425308032724 0.00499992192643144 0.00503164600439711 0.00453724257665663 0.00455140697461311 0.00456100708891114 0.00456600722610791 0.00456645227196909 0.00456247528017272 0.00455430070070595 0.00454224230326639 0.00544668402228065 0.0054279899651919 0.00540490818149216 0.00537816841831316 0.0053485495198092 0.00531685307685821 0.00528388142514393 0.00525042150679641 0.00466484339775432 0.00463446483955075 0.00460613898286962 0.00458052978667894 0.00455837521375455 0.00454058948885051 0.00452844320030499 0.00452381584792457 0.00404526548968042 0.0040653402756081 0.00409609394407155 0.00413543260690042 0.00419129013559831 0.00424691427361792 0.00464547449455228 0.00460968723024259 0.00425356247690376 0.00433413005388021 0.00442087864714468 0.00451471246228822 0.00461671748535819 0.00488406321089913 0.00502548894135 0.00518175813435599
0.0046498699068645 0.00469516661991563 0.00474167936668776 0.00478828213161583 0.00483405940834991 0.00487826547991163 0.00492028527256097 0.00495959953496651 0.00499575723602711 0.00502835677742186 0.00453976143785473 0.00455532516894185 0.00456648727839475 0.0045731523987381 0.00457529875238349 0.00457298784851027 0.00456637126658364 0.00455569308116843 0.00454128609325793 0.00452356340124277 0.00541393716433308 0.00538825218841409 0.00535916142768072 0.00532744693386294 0.00529390435142504 0.00525932020536073 0.00522445508014142 0.0046383972284493 0.00460720433414708 0.00457808946345341 0.00455161391273138 0.00452836932105608 0.00450906834286664 0.00449476075354537 0.00400812389646312 0.0040158055335409 0.00403735932631234 0.00407314027643206 0.00411853701890015 0.00417720300404455 0.00455352637344413 0.00452194841718533 0.00417732657731698 0.00425475777172918 0.00433714419902602 0.00442518405028453 0.00451978190547407 0.00462202605797069 0.00488307350144722 0.00502302515985425 0.00517729626634933
