R/Data/side_v1_12_3.asc
NCOLS 365 
NROWS 740 
XLLCORNER 0.791666667335165 
YLLCORNER 6.2083333340009 
CELLSIZE 0.00833333332967033 
NODATA_value -9999 
[rows 230 to 252 of 740, columns 260 to 311 of 365]
0.0129573174659509 0.0125973944584483 0.0122389590279247 0.0118810624607169 0.0115230908326918 0.0110772445853846 0.0107271584981456 0.0103780219661757 0.00978649350489652 0.00945388927503047 0.00912529858457865 0.00880214231270538 0.00826128454981817 0.0079583401016532 0.00766616918288714 0.00738642969121997 0.00712071346271661 0.00687050493952431 0.00677508685303718 0.00657090048869159 0.00638471907743573 0.00621750843847295 0.00607013171930831 0.005943383265339 0.0058380337000847 0.00555478769760408 0.00549254730130658 0.00545501671408343 0.00544338390385691 0.00545917530584053 0.00550434383327973 0.00558135715204876 0.0056932801168006 0.00584384253188821 0.00603748096472799 0.00627934240419574 0.00657524035718417 0.00693156008298923 0.00735511490084584 0.00785295676464594 0.00843214477808607 0.00909946563339099 0.0098611068523029 0.0107222741565743 0.0116867621965042 0.0127564966740705 0.0139310705167003 0.0152073194594185 0.0165789759045855 0.0180364491116377 0.0195667716256995 0.0211537397297086
0.0130538090137294 0.0126804983716653 0.0123089479807711 0.0119381260087312 0.011567361136688 0.0110987857889859 0.010736001278817 0.0103742597789161 0.0100143295271577 0.00965729560153176 0.00930452282847191 0.00875234412978204 0.0082019386956413 0.00788849349838804 0.00758653223170588 0.00729777437614722 0.00702385107901024 0.00689101703396004 0.00666359179925952 0.00645371285142136 0.00626242821526189 0.00609064144538551 0.00593913652604261 0.00580861549719076 0.00569974675338046 0.0056132226644624 0.0055498256311318 0.00551050166229152 0.00549644129019359 0.00550916685336628 0.00555062511531904 0.0054162926495806 0.00552315455408517 0.00566808145143832 0.0058555051142848 0.00609059509806474 0.00637920675613191 0.00672777636953957 0.00714316559787679 0.00763246517940981 0.00820276237662241 0.00886086745722833 0.00961299477164452 0.0104643885720388 0.0114189030604656 0.0124785467809006 0.0136430236941526 0.0149093067560241 0.0162712900566301 0.0177195638872487 0.0192413549552179 0.0208206576472638
0.0131368765432544 0.0127521029806946 0.0123692616568836 0.0119872253268279 0.011490427963947 0.0111157616632127 0.0107416570188088 0.0103685640342376 0.009997303406277 0.00962903795837684 0.00926522952904799 0.00890758349514011 0.00855798084938006 0.00782195130009979 0.00751081124119168 0.00721360845196906 0.00693201954938575 0.00679151034490422 0.00655823484225249 0.00634311810652745 0.00614716855399747 0.00597122976651845 0.00581600896156276 0.00568211796098184 0.00557012528351291 0.00548061697366872 0.00541426553266917 0.00537190652153702 0.00535462248032113 0.00536383359071856 0.00540139507903912 0.00546969637145235 0.00557175680743327 0.00571130526658299 0.00589282850819967 0.00612157232125519 0.00619724616005492 0.00653876201847746 0.00694676459227154 0.0074283795862754 0.00799071137519081 0.00864057648808093 0.00938419529287747 0.0102268293810294 0.0111723688488461 0.012222883589221 0.01337816602162 0.0146353060611853 0.0159883408260451 0.0174280250903782 0.0189417681060367 0.0205137547841095
0.0132060211962925 0.0128118527739229 0.0124196673469143 0.0120282317489241 0.0115126106708856 0.0111282477190537 0.0107442509182974 0.0103610980049415 0.00997966949111709 0.00960121532349639 0.00922730602141801 0.00885976898172994 0.00850061194236307 0.00815193946618345 0.00743920751641611 0.00713411737570875 0.00684538344675958 0.00669779297503932 0.00645911293878099 0.00623918146544212 0.00603897053859801 0.00585926664813055 0.00570070274032997 0.00556380330134651 0.00544903974826545 0.00535689487210909 0.00528793453961602 0.00524288716658376 0.00522273041074875 0.0052287857325415 0.00526281993871246 0.00532715119134032 0.00542475177245521 0.00555933497599697 0.00573540775051828 0.00595826819976278 0.00623393378754229 0.0065690032157092 0.0069704689264712 0.00744550240285689 0.00800122343520026 0.00864444544417697 0.0091741741950177 0.010009083587616 0.010946668823188 0.0119890386712545 0.0131360520704956 0.0143848948096529 0.0157297281415636 0.0171614569719913 0.0186676583587617 0.0202327000801252
0.0132610105545656 0.0128596181775802 0.0124601205515058 0.0120611706329437 0.0115288622850361 0.0111364074781423 0.0107439736254966 0.0103520719277466 0.00996165071732199 0.00957405782549926 0.00919098444127244 0.00881439298093518 0.00844643098915577 0.00808933750289572 0.00774534775470552 0.0074166036034579 0.00687180047172253 0.00660998884870309 0.00636632340900322 0.006141970657488 0.00593786963055299 0.00575475281709978 0.00559318191653866 0.0054535970922588 0.00533637616806994 0.00524190203997856 0.00517063778169121 0.005123208217112 0.00510048974280999 0.0051037082156788 0.00513454568718452 0.00519525296288119 0.00528876117383837 0.00541877770669011 0.0055898441836306 0.00580733051167217 0.00607734755856545 0.00640658349850053 0.00680209192131146 0.00727106503767574 0.00782060587524989 0.00845748949493596 0.00918788524454389 0.0100170230488686 0.0109488003234882 0.01198534546693 0.0131265661933499 0.0141577012897961 0.0154950988335543 0.0169195214799984 0.0184187035476979 0.0199771859865584
0.0126347323072335 0.0122403407675562 0.0118484516236886 0.0114576144762255 0.0115394106123793 0.0111404786377788 0.0107410680455318 0.0103417300098438 0.00994349006179888 0.00954780476072826 0.00915649842314545 0.00877168162813294 0.00839565466572583 0.0080308033103318 0.00767949369598281 0.00734397482072261 0.00702629567574227 0.00652822075232456 0.00627996560498555 0.00605155885653473 0.00584391028351767 0.00565770152837852 0.00549342644711449 0.00535144442284422 0.00523204322971504 0.00513551008360112 0.00506220907330399 0.00501266567703375 0.00498765876972891 0.00498832233770703 0.00501625684515936 0.0050736497024281 0.00516339671629942 0.00528920970914104 0.00545568123251697 0.00566827586357962 0.00593322225996907 0.00625731658933141 0.00664767844750791 0.00711150993399283 0.00765587564841357 0.00828748475648832 0.00901243644818675 0.00983590219515112 0.0107617433899793 0.01179208051693 0.0129268434802376 0.0141633506001587 0.0154959569664474 0.0169158175998202 0.0184108112101508 0.0199656445865036
0.0126452166938453 0.0122492501173767 0.0118553972615706 0.0114620909878675 0.0110682862059515 0.010673474852766 0.0107358166876054 0.0103303390270343 0.00992543932459798 0.00952269440459571 0.00912407404717956 0.00873184975400138 0.0083484870750376 0.00797652994764729 0.00761848575201482 0.00727671903667136 0.00695336334924703 0.00645261131408419 0.00620014292137294 0.0059680277734627 0.00575714981752415 0.00556814342812186 0.00540143807883262 0.00525731608314396 0.00513597945581877 0.00503762382775443 0.00496251894598139 0.00491109527363471 0.00488403836685919 0.00488239392722071 0.00490768442182291 0.00496203750611309 0.00504831967566273 0.00517025736543467 0.00533251289692737 0.00554067218738285 0.00580111178072673 0.00612075793125982 0.00650680002034067 0.00696643460855506 0.00750665972343781 0.00813408714221433 0.00885471557385587 0.00967363209397223 0.0105946387099409 0.0116198255823936 0.0127491247133343 0.0139798882537845 0.0153065383321783 0.0167203288869868 0.0182092694459216 0.0197582226068511
0.0126431033194511 0.01224769369236 0.0118538456183193 0.0114598769112491 0.0110646668277963 0.0106676729345963 0.0102689390213526 0.0103181764111731 0.00990774896146825 0.00949895495719323 0.00909392176542039 0.00869509385052774 0.00830511345421074 0.00792669335224725 0.00756249107189356 0.00721499426570561 0.00688642712702118 0.0065786823798986 0.00612696369463987 0.00589146945978108 0.00567766149041566 0.00548613042766928 0.0053172450081556 0.00517121456932238 0.00504815953941959 0.00494818876964446 0.00487148235299048 0.00481838036064933 0.00478947956769128 0.00478574138405703 0.00480861377757326 0.0048601683680611 0.00494324763326801 0.00506160369815078 0.00521998920264234 0.00542414380068273 0.00568062898082229 0.00599652751032094 0.00637910100768838 0.00683551772368112 0.00737267309296478 0.00799704395637391 0.00871449684791528 0.00953000743034553 0.0104472955274421 0.011468401053548 0.0125932373247838 0.013819171977072 0.0151406752848938 0.0165490862109086 0.0180325291843555 0.0195760154802373
0.0126291913609623 0.0122363844915023 0.0118444244451435 0.0114515184917168 0.0110564756312783 0.0106587253103922 0.0100020273984216 0.00960154323649674 0.00920140435561513 0.00880342719245167 0.00840983608867748 0.00802315075581953 0.00764605771140607 0.0078814474370002 0.0075116588591956 0.00715894578911615 0.00682562775202019 0.00651365691330443 0.00622458163435098 0.00582198778382272 0.0056055368514714 0.00541173905376916 0.00524090635319021 0.00509317909192658 0.00496860071689219 0.00486719805627721 0.00478906640214753 0.0047344604247599 0.00470389274160547 0.00469824474271179 0.00471889360187213 0.00476785835973196 0.0048479627714364 0.00496299547437501 0.00511782274036818 0.00531837684317273 0.00557145082097194 0.00588431617823996 0.0062643062206714 0.00671852767388089 0.00725372710167636 0.00787620303372422 0.00859165519240931 0.00940492191681438 0.0103196201331072 0.0113377193793339 0.0124590970034904 0.0136811169779129 0.0149982815966506 0.0164019969117945 0.0178804920593795 0.0194189161468166
0.0126044359502712 0.0122161573196332 0.0118278526783877 0.0114376261068833 0.0110442240569454 0.0106470557192628 0.00998178200521749 0.00957984402416388 0.00917741677752455 0.00877645537880277 0.00837934571234639 0.00798878164324645 0.00760762492018184 0.00723875997047814 0.00688495451412194 0.00654873758296754 0.00623230502997844 0.00593745680136618 0.00569211111485271 0.00545102257959727 0.0055408868838776 0.00534507278135697 0.00517251539798813 0.00502329033307674 0.0048973684661314 0.00479469941325177 0.00471529865491545 0.00465934026768081 0.00462725756322332 0.00461985622250099 0.00463844637160685 0.00468499806504896 0.00476232104273253 0.00487425163103396 0.00502579537613199 0.00522312433185527 0.00547332290366331 0.00578389191944586 0.00616222944258308 0.00661533328813053 0.00714974071489846 0.00777152208764284 0.00848617483955318 0.00929837621107752 0.0102116203638727 0.011227790864961 0.0123467108789404 0.0135657247839604 0.0148793500533421 0.0162790447983853 0.0177531297445085 0.0192868833333629
0.0125699225144062 0.0121879478180338 0.0118049231768298 0.0114188600546083 0.0110284521714887 0.0106330983486011 0.0099609731576302 0.00955858638087141 0.0091547855968292 0.00875167314884438 0.00835180426375604 0.0079580534505763 0.00757346316443774 0.0072010873432616 0.00684384247199094 0.00650437860294485 0.00618498086829255 0.00588750590478971 0.0056133562324371 0.00536348930092769 0.00496786682418211 0.00478936177657392 0.00463342815273621 0.00449999656443806 0.00438891241563892 0.00473080183889526 0.00465027526562917 0.0045930999063946 0.00455963409539091 0.00455061214238341 0.00456728098680556 0.00461156505116369 0.00468626461257211 0.00479527444008882 0.00494376726387864 0.00513821326103499 0.005386065968424 0.00569510785113535 0.00607278499506063 0.00652591612192521 0.00706075251139199 0.00768307961600865 0.00839815881954781 0.00921048442756727 0.0101234129123815 0.0111387270565307 0.0122561817980938 0.0134730857235334 0.0147839557504325 0.0161802886422266 0.0176504844330671 0.0191799406589923
0.0125268433805592 0.0121527730553592 0.0117764871503655 0.0113959177943767 0.0110097186259398 0.010337753700246 0.00993991342027089 0.00953799558698589 0.00913366743520518 0.00872918620190184 0.00832728269149928 0.0079310169283459 0.00754361509553413 0.00716830229299508 0.00680814439093304 0.0064659124542573 0.00614398075358603 0.00584426283103559 0.00556818800191069 0.00531671407088996 0.00492140352712005 0.00474183545078383 0.00458500816512878 0.00445080215995461 0.00433900579002575 0.0042493999665453 0.00418184550070628 0.00413637456264896 0.00411329072041288 0.00411328387619651 0.00413756841938829 0.00454764096128049 0.00461983800196766 0.00472606372463409 0.00487168896267791 0.0050635532669495 0.00530958398689471 0.00561791359236924 0.00599600291242515 0.00645038845595943 0.00698693730234001 0.00761109009064807 0.00832784068369629 0.00914148450185401 0.0100552294501329 0.0110707463817254 0.0121877098128156 0.0134033795165511 0.0147122573101954 0.0161058644966097 0.0175726678424021 0.0190981770661936
0.0124764761866701 0.012111714358655 0.0117434403596098 0.0113695233094814 0.0109885920296324 0.0103142606011929 0.00991889229932502 0.00951826495580409 0.00911418013384828 0.00870905698657938 0.00830580676013283 0.00790767750052708 0.00751807984222903 0.00714040892183304 0.00677787766443486 0.00643337557109133 0.00610936361080433 0.0058078108349324 0.00553017298171658 0.00527740941145546 0.00505003069064546 0.00470208211773399 0.0045445759636625 0.00440978694874236 0.00429745054335479 0.00420728979128787 0.00413910367142813 0.00409286007987627 0.00406879712236155 0.00406754036740403 0.0040902458653186 0.00413878237404401 0.00421596866183473 0.00432587168218037 0.00447412236771574 0.00466805537653805 0.00491626799722971 0.00555237042631127 0.00593205042454443 0.00638901561733346 0.00692862800297419 0.00743137134016946 0.00815066725270242 0.0089662653361514 0.00988123392803716 0.010897135620204 0.0120135613498924 0.0132277130261431 0.0145340661767718 0.0159241526795101 0.0173864927434439 0.0189066971967521
0.0124201655432416 0.0120659026727609 0.0117067114426826 0.0113404178702206 0.0109656440229725 0.0102903148162909 0.00989817295953522 0.00949955326476763 0.00909640076576869 0.00869130288051959 0.00828735456482803 0.00788799249065802 0.00749680954735846 0.00711736694940549 0.00675301963002288 0.00640676982971819 0.00608116066052474 0.00577821287277309 0.00549940711800144 0.00524570450704943 0.0050175990806881 0.00467027378764991 0.00451233336209624 0.00437718208225388 0.00426450663852006 0.00417397549653833 0.00410532858242299 0.00405847080749871 0.00403357484447743 0.00403120092009678 0.0040524445421136 0.00409912919099961 0.00417406450993005 0.00428139119980481 0.00442699011073576 0.00461874931392166 0.0048660837720027 0.00517821770698031 0.00575872844485132 0.00621990713098099 0.00676395474923033 0.00739547594509578 0.00811889934918981 0.00893812972295998 0.009856085567022 0.0108742107759527 0.0119920001349736 0.0132065842835306 0.0145123978212544 0.0159009716176072 0.0173608698533799 0.018877798252015
0.0123593078798347 0.0120165058433501 0.0116672519486898 0.0111761898219625 0.0108014240142385 0.0102662864600602 0.00987798975052345 0.0094819831075085 0.00908036427124504 0.00867589465080977 0.00827185488273414 0.00787186856517043 0.00747970614702192 0.00709908790461669 0.00673350241990711 0.00638605652562099 0.00605936787729024 0.00575550366567125 0.00547596600441921 0.00522171715110615 0.00499323601060187 0.00479059683352383 0.00448850486900152 0.00435325415636569 0.0042404836039995 0.00414981067905919 0.00408091814542512 0.00403364824218066 0.00400810608553095 0.00400478170274246 0.00402470272701089 0.00406963830939995 0.00414238096957621 0.00424714299086779 0.00439007940958541 0.00457975464627284 0.00482669618363152 0.00533615092243405 0.00572355626796897 0.00619025101330904 0.0067401767105281 0.00737744866814485 0.00810620949905384 0.00893018031093264 0.00985214303667244 0.0108734261130384 0.0119934241815397 0.0132091868860375 0.01451509688499 0.0159026698230372 0.0173605045387101 0.0188743911539264
0.0121810702761079 0.0118430270898905 0.011496982130502 0.0111408780572162 0.0107735297823458 0.0103946504653274 0.0100048589981973 0.00946563994989313 0.00906606296680386 0.00866275607774447 0.00825918627421809 0.00785916027970244 0.00746661874811077 0.00708543091222468 0.00671920779673463 0.0063711495558554 0.00604393854542393 0.00573968070412243 0.00545989500662299 0.00520554290681647 0.00497708926616602 0.00477458420675764 0.00459775662032794 0.00433829480535728 0.0042257313241382 0.00413520678030714 0.00406634941521313 0.00401893862802462 0.00399300827385035 0.00398896943822283 0.00400776730557618 0.00405109556569139 0.00412170550705897 0.00422386255035913 0.00436400946564181 0.00455153179721786 0.00479851873356632 0.00530926508607178 0.00570276440578899 0.00617667277016523 0.00673396822423642 0.00737828417981154 0.00811352312636571 0.00894326275753593 0.00987017178286159 0.0108954708313887 0.0120184525550442 0.013236075679353 0.0145426578342457 0.0159296877184794 0.0173857848324587 0.0188968174139462
0.0121127522795286 0.0117872826373845 0.0114521350756071 0.0111052970847165 0.0107456554465635 0.0103730228611889 0.00998814484321746 0.00959267161219246 0.00918908659790357 0.00878058544227956 0.00824917708109622 0.00784966927788101 0.00745734171048347 0.00707619971964429 0.00670996237135111 0.00636190924095886 0.0060347749807952 0.00573069474894284 0.00545119801098062 0.00519724280616225 0.00496928030500565 0.00476733968070213 0.0045085553422295 0.00436441402980046 0.00422062448122152 0.00413061826484378 0.0040621648163058 0.00401498217199812 0.00398903015856238 0.00398463115618662 0.00400262669657236 0.0040445984913681 0.00411320162733082 0.00421269184367168 0.00434977210133245 0.00453480595968812 0.00497472870003098 0.00529595859047677 0.00569764443236672 0.00618059102698422 0.00674671234831406 0.00739925374545389 0.0081419788852791 0.00897838838019328 0.00991106934421302 0.010941144186868 0.0120677970440206 0.0132878852354783 0.0145956457081651 0.0159825252831093 0.0174371533777091 0.0189454653996294
0.0120444926209511 0.0117317689157434 0.0114076294736043 0.0110701404373924 0.0107182899952726 0.0103520160427596 0.00997221176552526 0.00958069465570773 0.00918012814634793 0.00877389292795141 0.00836591045788298 0.00796043196087574 0.00745161397796001 0.00707114026460296 0.00670553363060409 0.00635813626546881 0.00603172070568595 0.00572843977914005 0.00544982582229341 0.00519682971264499 0.00496988888855303 0.00467947085297819 0.00451192721942454 0.00436885886311777 0.00424961067747847 0.00415349694627613 0.00407988901991791 0.00402248625578551 0.00399702690860497 0.00399279751508398 0.00401051810851439 0.00405161380551747 0.00411855252048438 0.00421542572779345 0.00434901968677089 0.00472354206739861 0.00496913011069426 0.00529775395219646 0.00571019455903265 0.00620402861928262 0.00678023215861566 0.00744193174687815 0.00819292678666831 0.0090367226801307 0.00997585308801143 0.0110113417954627 0.0121422525009593 0.0133653216456872 0.0146746877690977 0.0160617393699298 0.0175151008122357 0.019020765794988
0.0119777177628354 0.0116776391630403 0.0113643646747463 0.0110360751161976 0.0106918916492239 0.0103319043345687 0.00995717637365794 0.00956970870898563 0.00917235547221153 0.00876868564434649 0.00836279740077414 0.00795909783633159 0.00756206774838122 0.00717603489527541 0.00680497541960602 0.00635956729557642 0.00603455383966631 0.00573274431684193 0.00545566508669945 0.00520425507649953 0.00488155243615571 0.00469061550494588 0.00452469945012382 0.00438325276917588 0.00426560155978881 0.00417103627857621 0.00409889699667653 0.00404865855188832 0.00402002282054904 0.00401460282053527 0.00403287202536041 0.00407396299169069 0.00414007390097324 0.0042348943417406 0.0043647597072715 0.00473262592129195 0.00497771369335671 0.00531744083942311 0.00574370194759877 0.00624985874947098 0.00683683689222448 0.00750817004200148 0.00826788757918416 0.00911954999044427 0.0100656327986523 0.0111070386353893 0.0122426822273347 0.0134691533202166 0.0147804680962756 0.0161679366852793 0.017620163492806 0.0191231907828679
0.0119138396317375 0.0116260205887482 0.011323206714609 0.0110037307179598 0.0106668793284026 0.0103129221525128 0.00994311471959998 0.00955965821628764 0.00916560692733094 0.00876472085640806 0.0083612697464368 0.00795980493156789 0.00756491879833225 0.00718101645022259 0.00681211961490754 0.00646171838424058 0.0061326785826126 0.00574336367196735 0.00546852795703865 0.00511334939059647 0.00489930935159324 0.0047106395750669 0.00454699266263425 0.00440780977708885 0.00429240909093163 0.00420007081760261 0.00413012005402238 0.00408201003196827 0.00405541076515783 0.00405031023218146 0.00406713975211375 0.00411362600285835 0.00418055835739675 0.0042751860547496 0.00459707716122535 0.00476300630064977 0.00500284035020082 0.00536172472363894 0.00580368365101984 0.0063218413668492 0.00691916528190462 0.00759995306166028 0.00836845222857925 0.00922820762309074 0.0101815684217807 0.0112292588065855 0.0123699994634661 0.0136001968575224 0.0149137155432148 0.0163017656502351 0.0177529156855336 0.0192532454983016
0.0118542378517213 0.0115779969105052 0.0112849727563655 0.0109736868170452 0.0106436228407108 0.0102952570568847 0.00993005903866657 0.00955044568969523 0.00915968029462279 0.00876171478377951 0.00836098398020386 0.00796216992472766 0.00756995756992249 0.0071888070732779 0.00682276230591426 0.00647531018705821 0.00614929694694084 0.00584689867506257 0.00556963968100819 0.00513622025131154 0.00492517081611117 0.00473949624546026 0.0045788461375725 0.00444266272819179 0.00433026771971094 0.00424094581056337 0.00417402647595559 0.00412896705151583 0.00410544148607567 0.00410344297711482 0.00412340993780328 0.00416639596367244 0.00423431832614578 0.00434051375684508 0.00466672299907047 0.00483573674538177 0.00507867352899563 0.00544669763421174 0.00589705677605968 0.00642368881516831 0.00702965364972873 0.00771911928653704 0.00849613353727844 0.00936400392777509 0.0103248219659237 0.0113790478078323 0.012525149391123 0.0137593049850012 0.015075197190668 0.0164639118272335 0.0179139659404608 0.0194114666215608
0.0118002349303386 0.0115345857103707 0.0112504114881985 0.0109464565678533 0.0106224308197143 0.0102790417372477 0.00991799270738863 0.00954193040448011 0.00915433393602516 0.00875934619934574 0.00836155859411139 0.00796576853108664 0.00757673297673773 0.00719894340178016 0.00683644145636828 0.0064926877412122 0.00617048871380065 0.00587197694652779 0.00559863734037301 0.0051661788128471 0.004958920981018 0.00477704548489979 0.00462020352218876 0.00448784595918195 0.00437930849955136 0.00429389428941771 0.00423095617610354 0.00418998161148447 0.00417068598768633 0.0041731230360986 0.00419782591063703 0.0042460055955545 0.00431986144224788 0.00442313779817992 0.00477086773052586 0.00495580952416268 0.00521594552936393 0.00557633057545618 0.00602612486301172 0.00655718822113206 0.00716985093422224 0.00786707373263574 0.00865223003704802 0.00952814726685216 0.0104965178125003 0.0115574491375283 0.01270909224978 0.0139473563722659 0.0152657089943656 0.0166550905266585 0.0181039509094758 0.0195984174702942
0.0117530620636738 0.0114967086586383 0.0112201788636872 0.0109224680182807 0.0106035366143828 0.0102643444844393 0.00990684554732354 0.00953392720113502 0.00914928866968144 0.0087572606064667 0.00836258020354562 0.00797014290906705 0.00758475578194551 0.00721091721232314 0.00685264170001659 0.0065133404335774 0.00619576016001045 0.0059019740712978 0.00563341597537465 0.00539094427670849 0.00500024986955142 0.00482304855694274 0.00467090574148215 0.00454328634868207 0.0044395481593899 0.0043590239931871 0.00430110518982555 0.00426533009046519 0.0042514843320315 0.00425972278661587 0.00429073021302026 0.00434595244587232 0.00442796223841965 0.00454109408149129 0.0046926361996436 0.00510395744262524 0.00537604412624892 0.00573743610717435 0.00618745439371592 0.00672184076137763 0.00734026859542032 0.00804471318475221 0.00883778473264954 0.00972172086372138 0.0106977272156059 0.0117654898910141 0.012922796364928 0.0141652475938784 0.0154860705109027 0.0168760416514542 0.0183235328436596 0.0198146836991159
