R/Data/side_v1_12_8.asc
NCOLS 365 
NROWS 740 
XLLCORNER 0.791666667335165 
YLLCORNER 6.2083333340009 
CELLSIZE 0.00833333332967033 
NODATA_value -9999 
[rows 184 to 206 of 740, columns 104 to 155 of 365]
0.0879193408858513 0.0962981889334954 0.101733048169254 0.111025075924456 0.120794547001249 0.13097218501008 0.141471491019213 0.152189088455601 0.163006480409539 0.173793481921378 0.184413370925872 0.194729370269917 0.204611742887025 0.213944594005962 0.216959213046618 0.224699399901616 0.231698941975882 0.237938714753092 0.243419273729435 0.248157479716459 0.256610737242469 0.260030365986453 0.262818420883036 0.265021841460791 0.266687187848722 0.267858907728228 0.268578029657399 0.268881227777009 0.268800148858561 0.268360952660126 0.26758399784445 0.26648362319607 0.265067999162509 0.263339015333841 0.272824938303685 0.270520698667031 0.26785691349446 0.264809718176076 0.266040522860566 0.261967514326372 0.252167721048381 0.253727298157193 0.248020904919978 0.241698335554424 0.234719670356126 0.227058004530873 0.21870789448421 0.209695747799198 0.200091234487598 0.190017946629183 0.179662009043544 0.169284772023847
0.0909362114623319 0.0995701968016129 0.105209711927744 0.114735109852433 0.124722726287327 0.135098992799376 0.145774178201719 0.156643026717726 0.167586689168026 0.178476191706897 0.189177457345191 0.199557506925059 0.209491163158453 0.218867410363741 0.228439792250428 0.229779337717587 0.236839860225297 0.243147881951496 0.24870588848273 0.25804121276383 0.262226388742676 0.265747644635658 0.268650823261576 0.270983528887739 0.272792946023961 0.274124141671557 0.275018787099314 0.275514219504945 0.275642767858203 0.275431273896427 0.274900743860266 0.27406609214708 0.272935931590524 0.27151239234021 0.269790940788604 0.279485912111544 0.277193464587369 0.274535454541864 0.276352514151265 0.272699773086202 0.263271945564536 0.265360971246807 0.260060903397629 0.25412096066656 0.247487036727638 0.240116813115337 0.231990125348698 0.223123076380625 0.213585938046515 0.203524341703911 0.193184794972023 0.182956493533928
0.0941472301373706 0.0996333033861988 0.1088857435035 0.118645333355947 0.128849214408646 0.139419455743859 0.150263189079923 0.161273519410357 0.172331619518311 0.183310191118981 0.194078317118609 0.204507337368334 0.214477121108438 0.224863857914696 0.233616839210555 0.241655412971234 0.248945302426765 0.255473371738552 0.261245102370982 0.263598486338013 0.267864437588546 0.271480771729149 0.274494162121369 0.276952953325517 0.278905046899526 0.2803962536049 0.281469044842596 0.28216162392174 0.28250725820321 0.282533784747224 0.282263250193851 0.281711623556992 0.280888543410116 0.279797079479399 0.278433472982322 0.276786866359074 0.276778652096815 0.288042246953688 0.287009550605324 0.283858287841781 0.274909012922955 0.277635183389809 0.272873430545327 0.267468420890871 0.26135301242627 0.254469930451214 0.246783866797538 0.238299263063088 0.229084747710526 0.21930395647124 0.209251111276535 0.199391352140261
0.0943085257946618 0.103264394410423 0.112766137711424 0.122759682083815 0.133176777371932 0.143935110342781 0.154938807859383 0.166079620887691 0.177239140366535 0.188292223083934 0.199111623777711 0.209573507030908 0.219563245824783 0.230108249864958 0.238866634306932 0.246913364160711 0.254218307793076 0.260771628133324 0.266581322369027 0.271670078495823 0.273507937574542 0.27721099758751 0.28032773205688 0.282907277846599 0.284998330077096 0.286647537744455 0.287898297332184 0.288789847258077 0.28935660468749 0.289627680201164 0.289626508295725 0.289370545517896 0.288870995503536 0.288132533731218 0.287152990042707 0.287754537756879 0.28640223087303 0.28474350264511 0.290257383870546 0.287733290392867 0.288997487890209 0.285509323838907 0.286314263744518 0.28158858904361 0.276158434064551 0.269951320314562 0.262914262494791 0.255033954243049 0.246365894930537 0.237071517475993 0.227456367883006 0.217995114968841
0.0978842346744081 0.107102650861451 0.116855089876772 0.127081222565127 0.137707268978278 0.1486465576268 0.159800392354789 0.171059486364898 0.182306271895954 0.193418244999395 0.204272335598257 0.214750009917325 0.226024232655901 0.235432696067665 0.244179751369668 0.252218741615619 0.259523819290933 0.266088541463555 0.271923481583345 0.27705322192892 0.281513110637149 0.282918935060276 0.286130127629133 0.288822891736452 0.291046755137235 0.292849269698318 0.294274843108349 0.295363867304481 0.296152069907941 0.296670047759611 0.296942897579985 0.296989919708656 0.296824341165659 0.29645301352744 0.295876075507418 0.296948064693302 0.296077123223379 0.294942789298134 0.301191097481832 0.299291115774001 0.297013855668254 0.298527955259224 0.300193308214477 0.296272452847017 0.291674428432841 0.286310766276424 0.280106765426533 0.273022171767188 0.265082783392353 0.256422082835816 0.247322088711366 0.238229468461172
0.101668491069004 0.111152396916066 0.121155854081329 0.131612032315673 0.142441532558084 0.15355339363475 0.16484632500877 0.176210350635447 0.18752918643365 0.198683449415044 0.209554729250438 0.220030248285549 0.23144782586495 0.240828254165193 0.249546295450353 0.257560606932791 0.264849743865912 0.27141073989425 0.277256794596816 0.282414413142003 0.28692033411599 0.290818514310592 0.291879549898974 0.294675757215497 0.297023813588516 0.298972197076643 0.300566369419722 0.301847933937644 0.302854027230228 0.303616860124014 0.304163380468381 0.30451498275488 0.304687245775811 0.304689637857621 0.304525170189881 0.306073887870509 0.305702803886161 0.305117447796435 0.312120192917023 0.310884772342502 0.309331071303542 0.307396524556778 0.31245519918906 0.311265819400461 0.307616210976072 0.303230678318998 0.298008574509031 0.291872932744463 0.28480267356928 0.276879075981502 0.268334871660267 0.2595737886317
0.105665593107721 0.115416934704618 0.12567061568244 0.136353098270323 0.147379320792624 0.158654158289753 0.170073987311444 0.181528528342593 0.192903230263327 0.204082306190398 0.214952466719672 0.227011203268443 0.236952211058269 0.246285548367971 0.254956018111868 0.262927734068362 0.270183757379241 0.276724664403373 0.282566326121213 0.287737190798297 0.292275394603802 0.296225918048237 0.299637974526898 0.300441775230068 0.302902957053635 0.304987047131798 0.306740550709236 0.308206289081658 0.309422822076734 0.31042402649021 0.311238774938465 0.311890684233757 0.312397870117666 0.312772679872763 0.313021365209157 0.315040931417465 0.31517557849232 0.315149077815392 0.322905802227245 0.322354869311253 0.321552877507626 0.320440266028151 0.32643060884498 0.324420300950322 0.323664122691036 0.320351282122305 0.316218743866915 0.311144634816009 0.305045834349971 0.297930340424878 0.289962425031567 0.281498639013506
0.109878704125131 0.119898388409501 0.13040035660488 0.14130420568364 0.15251921968488 0.163946279693705 0.175479738636508 0.187009417359543 0.198422947948831 0.209608605519951 0.22045864946539 0.232647701780361 0.242528370714493 0.251794870008293 0.260398429118244 0.26830873553637 0.275513442566364 0.282016724872171 0.287837161946177 0.293005167854374 0.297560277125044 0.301548481789116 0.305019773110824 0.30802600298506 0.308658002884995 0.310865005331659 0.312765628771685 0.314403854557119 0.315819615049766 0.317048403214162 0.31812099057809 0.319063209005056 0.319895737377806 0.320633878657218 0.321287262795807 0.323759582363101 0.324393044971432 0.324920199136415 0.333410235317715 0.333542249407506 0.333495059301148 0.333213876227773 0.340125983107122 0.339106270572388 0.337590060005942 0.337299767769461 0.334321943011832 0.330382771364295 0.325324826104477 0.319063602275238 0.311677441137577 0.303475386536831
0.114309698075667 0.124597572143939 0.135344756132826 0.146463870126955 0.15785860647244 0.169426069912495 0.181058932981308 0.192647534900444 0.204082146422677 0.215255539499717 0.228006293544006 0.238367147908614 0.248166971466895 0.25734630630494 0.265862937136728 0.273692217724164 0.280826456706614 0.287273482519162 0.293054614115722 0.298202252724272 0.302757336136907 0.306766850712808 0.310281530992288 0.313353853001694 0.31603633961507 0.316578177936621 0.318610952473946 0.320406884624479 0.322007154102836 0.323448742802855 0.324764187528026 0.325981397458991 0.327123490650048 0.3282086115797 0.329249683261744 0.332145115162805 0.333258374825846 0.334319600470893 0.335315985508985 0.344296683742332 0.344982969823714 0.345514187403673 0.353305767106121 0.353264765488195 0.352811783524618 0.351798275609958 0.351920201417516 0.349154885740761 0.34518126288673 0.339802541191717 0.332990046840125 0.325005645563613
0.118959004931932 0.129513866532376 0.140502093154354 0.151829272372393 0.163393617802708 0.175088719883297 0.186805941723939 0.19843657119826 0.209873958490828 0.223108329887732 0.233887717499938 0.244160373962855 0.253858472388105 0.262929866056435 0.271338986173686 0.279066920144097 0.286110688633877 0.292481816696617 0.298204400018162 0.303312849325092 0.307849512485748 0.311862356177662 0.315402825407582 0.318523957672912 0.321278796854012 0.323719103030316 0.32424743904753 0.326183504754401 0.327950430944385 0.329586481271787 0.331125730948589 0.332597923011654 0.334028347715226 0.33543770833058 0.336841929927202 0.340120577543924 0.341683935766854 0.343246898885718 0.344802007925952 0.354484270099735 0.355860732491876 0.357159341657183 0.365760528532641 0.366652261758293 0.36722321957703 0.367318661068307 0.36673018432149 0.367076657076348 0.36421411506718 0.359737213750283 0.353478746147154 0.345652294098162
0.123825485970556 0.13464511989756 0.145869187304234 0.157396232280326 0.169119153348058 0.180928328443845 0.192714205728394 0.204369453803434 0.215790925232199 0.229163067161746 0.239854563024838 0.250017990815449 0.259593255738233 0.268535610256054 0.276816192219788 0.284421868951527 0.291354414921869 0.297629094794259 0.303272823765589 0.308322047733064 0.312820541175839 0.316817247679082 0.320364285424596 0.323515195590485 0.326323446052648 0.328841235923555 0.329647945178041 0.331704149366057 0.333617184689406 0.33542633754467 0.337166924355608 0.338870182478015 0.340563197376298 0.342268810846569 0.344005483600975 0.347618926099589 0.349593989513205 0.351615938798397 0.353682143998399 0.363992861954217 0.365998002856557 0.370194731001086 0.37731662422858 0.37906531884678 0.380587645796115 0.381730776903002 0.382275233503339 0.381909835115915 0.382093327127192 0.378541719063276 0.372809993899057 0.36505823500352
0.128906335840752 0.139987594220148 0.151441368956278 0.163159208068196 0.17502890464964 0.186937960347507 0.198776313124094 0.210438444686781 0.224248698238347 0.23531458011164 0.245897360956073 0.255930512409944 0.265361756924112 0.274153792361022 0.282284491100648 0.289746526256876 0.296546461073223 0.302703343280157 0.308246948988211 0.313215806032762 0.317655141294284 0.321614881038286 0.325147796072634 0.328307872062893 0.331148914930518 0.333723427128228 0.336081730395865 0.336941858331086 0.338978247731074 0.340936716579063 0.34285347219867 0.344760850876823 0.346687271560042 0.348657195341424 0.352323709962468 0.354584297932851 0.356926283822603 0.35935680929948 0.361877204483318 0.374907584814044 0.377458728940429 0.380066591886771 0.387841531600995 0.390346349651645 0.392717390186244 0.394813519450051 0.396420342651589 0.397207941858564 0.396674749513896 0.395974513267096 0.390740673879678 0.379254145550536
0.134197029430235 0.145535932050234 0.157212484123287 0.169111332436365 0.181115413861625 0.193109715207629 0.20498408604075 0.216635232166806 0.230586916100321 0.241553094398617 0.252006514089108 0.261888488085964 0.27115459578946 0.279774988503048 0.287734268703555 0.295030927344293 0.301676342298328 0.307693385672951 0.313114754041284 0.317981110187358 0.322339177694561 0.326239889672825 0.329736665881535 0.332883895334437 0.33573563826213 0.338344576183796 0.340761194057115 0.343033170729668 0.344007712790839 0.346089880303305 0.348155674564072 0.350238089259963 0.352366380509572 0.354566044554965 0.358426612255259 0.360972377280325 0.363632527665981 0.366416470244705 0.36932834935654 0.38278012081177 0.38580035277263 0.388927988159456 0.397245654665911 0.400385710244282 0.403475017436831 0.406392839970346 0.408949675534665 0.410832933984648 0.411501752521913 0.410035913106467 0.403681184779648 0.395582233976912
0.139691314231351 0.151283187590742 0.163174951970326 0.175244489699795 0.187370171223651 0.199434849693282 0.211328706564817 0.225697763127566 0.237022158613531 0.247868677430805 0.258172438575059 0.267882641267923 0.276962716546217 0.285390235726763 0.293156504498827 0.300265824812752 0.306734407662665 0.312589002204407 0.317865284034733 0.322606125489274 0.326859813494543 0.330678334495563 0.3341157726649 0.337226901631229 0.340065975507336 0.342685745605527 0.345136701962851 0.347466507822191 0.349719618346789 0.350861945074982 0.353048371914796 0.35527545508791 0.357572766589398 0.359966245888453 0.36396391687141 0.366749980791932 0.369677874464546 0.372758149500091 0.375996429871125 0.389784689162202 0.393187276178442 0.396734275920021 0.400396671254546 0.409122358803264 0.412775250912323 0.416342221920474 0.419672364037208 0.422515266935376 0.424395560815075 0.42424552594316 0.419992746026081 0.409863712754103
0.145381256732117 0.157220893967072 0.169319850597936 0.181549424532362 0.193783733229802 0.205903897563729 0.21780084008288 0.232320769854411 0.243543948007931 0.25425137361643 0.264385696416925 0.273903997578911 0.282777507098712 0.290991150581409 0.29854288884289 0.305442805386833 0.311711967041559 0.317381044186488 0.322488773869823 0.327080324333261 0.33120563453348 0.334917815547396 0.3382716639705 0.34132234712352 0.344124277608626 0.346730196846309 0.349190465561644 0.351552542946258 0.353860637660712 0.356155492400274 0.357510686867704 0.359851532336765 0.362284620792483 0.364835754824003 0.368912313777317 0.371893975740688 0.375039586393517 0.378359707017286 0.381860055730418 0.395906842960575 0.399606625874925 0.403473394111076 0.40747968770411 0.416544097235739 0.420590912371809 0.424597709672305 0.42844224251626 0.431941876080304 0.434794561502597 0.436298354911191 0.432665914856709 0.421889452768621
0.151257341860394 0.163339183693862 0.175637055170809 0.188015883074021 0.200345873746033 0.212506819365548 0.223745357621181 0.239038150522802 0.250141762601544 0.260691356878061 0.270637136105718 0.279944014258209 0.288590924434917 0.296570053897361 0.303885936432248 0.310554409938607 0.316601401178229 0.322061557504321 0.326976764819393 0.331394596252282 0.335366753323567 0.338947574617291 0.342192646327951 0.345157570347325 0.347896921207061 0.350463382354832 0.352907088494007 0.355275141705975 0.357611294947459 0.359955762318574 0.362345129477889 0.363949373725283 0.366485353552388 0.369158667856302 0.373255628569508 0.376389724221244 0.379705098331217 0.383211266598954 0.386912732951153 0.401149891130573 0.405067547835988 0.409161110706553 0.413400394288304 0.422685643814222 0.426959522269369 0.43118670553974 0.435238103947232 0.438922458546717 0.441927989177738 0.443555100196444 0.440140415757781 0.429750330167125
0.157308630381769 0.169626956918227 0.18211541071676 0.194632792521683 0.206461973710327 0.218520157118306 0.230246503984702 0.245838662479329 0.256805196893391 0.26717907543386 0.276918026048425 0.285994698473701 0.294395605266529 0.302120063503432 0.30917909007273 0.315594223026681 0.321396258059142 0.3266238721841 0.331322200800328 0.335541343617115 0.339334901920408 0.342758572298303 0.345868839845763 0.348721828975185 0.351372313167178 0.353872912471573 0.356273479859738 0.358620651007339 0.360957561745399 0.363323675515818 0.365754721786243 0.368282677266823 0.370162713646784 0.372924097462615 0.376983363133552 0.380229259310492 0.383669741797088 0.387312387393372 0.391159376284766 0.405530208601217 0.409595540194712 0.41383431525267 0.418210026030417 0.427620758201157 0.431979216329766 0.436240358019079 0.440238504917887 0.443709827355981 0.446178712565085 0.446627351208603 0.443091597578105 0.434400562942805
0.16352295963282 0.176072083280166 0.188742935028058 0.200745251257334 0.213091600314354 0.225153492702443 0.236829398857181 0.252711182643036 0.263524121198528 0.273705387812607 0.283220168153734 0.292048711372059 0.30018495009665 0.307635183090487 0.314416791356553 0.320556952661402 0.326091326016369 0.331062681732606 0.335519500352062 0.339514553728927 0.343103499035103 0.34634355006316 0.34929223895526 0.352006330133216 0.354540883701473 0.356948498599062 0.359278738208701 0.361577716529206 0.363887835029267 0.366247648908366 0.368691808307 0.371251069061957 0.368387030633833 0.37129208561023 0.374386653723053 0.383409350242564 0.386934336487803 0.385805691798688 0.389649358475818 0.409072256333393 0.413226118281352 0.417542844234629 0.421977493330059 0.42646492473027 0.435786303336639 0.439957628272738 0.443757116499676 0.446864943502848 0.448751059551834 0.44852683531378 0.445053893871569 0.437349870121275
0.169887195894663 0.182661651306307 0.194804119625655 0.207422569974898 0.219818083293073 0.231871747138752 0.243484336291796 0.259644895985774 0.270288837524254 0.280261699034683 0.28953601415305 0.298099468135316 0.305953222824204 0.313110384586167 0.319594561600238 0.325438498371334 0.330682708571232 0.335374105790367 0.339564630593453 0.343309871048948 0.346667720157262 0.349697092213335 0.352456750136497 0.355004257288978 0.357395090792206 0.359681920794486 0.361914066344272 0.364137114132675 0.366392685643658 0.368718319411238 0.371147438392097 0.373709374208893 0.370778052918365 0.373704058354779 0.376832797828449 0.381388757487535 0.38482121712019 0.388489749085956 0.392388608903524 0.4118038177109 0.415998586230281 0.420340990210295 0.424777167513085 0.429230102847362 0.438523091749131 0.442541775816679 0.446095368694355 0.448845382713308 0.450284314723975 0.449691230623484 0.446332568320917 0.439291746428362
0.175772025107627 0.18861891029536 0.201478435253351 0.214195149724096 0.226630052223421 0.238664573504407 0.25020206386577 0.266629448976077 0.277090207910449 0.286840063274474 0.295858755113145 0.304141206102534 0.311695595462008 0.318541638538425 0.324709028307398 0.33023598115907 0.335167844551426 0.339555725891718 0.343455131982392 0.346924627488056 0.350024528898609 0.352815662594453 0.355358229893597 0.357710792193052 0.359929417460773 0.362066987714524 0.364172681179878 0.366291614383489 0.368464633704605 0.370728224095003 0.37311450189645 0.375651245543991 0.372607705074058 0.375524336475582 0.378656157858924 0.38201267930954 0.386758921189016 0.390447098513419 0.394364866435635 0.413751897575745 0.417950658212584 0.42228017508009 0.42667832976018 0.431057899378363 0.44031263790356 0.444156819182845 0.447467925400232 0.449911120548275 0.451023059404493 0.450219957531451 0.446996359095349 0.440463964472969
0.182184962733868 0.195234625532197 0.20824337785513 0.221050997773598 0.233516554113618 0.245522139839073 0.256973928939957 0.273655103837181 0.283919784913234 0.293433290549185 0.302182396262799 0.310169044260508 0.317408195371571 0.323925964494006 0.329757958678456 0.334947764293673 0.339545531934417 0.343606599314415 0.347190147451229 0.350357873920563 0.353172717682301 0.355697644033981 0.35799452321538 0.360123149768993 0.362140397168379 0.364099548280828 0.366049795664926 0.36803589912207 0.370098005081481 0.372271575184232 0.374587398023554 0.377071654895826 0.373871132996875 0.376749533177638 0.379855436218236 0.383195612820754 0.386771312596689 0.39168797114202 0.395594489533177 0.414939645046019 0.41911454008432 0.423403836037499 0.427738354950666 0.432022865548207 0.441248030727448 0.444917289244282 0.448007438810399 0.450197035581965 0.451069726908683 0.450149267881189 0.44707083621717 0.440961006056914
0.188683523646311 0.201933163420991 0.215086443537338 0.227978643761454 0.240467231817034 0.252435271707472 0.263791991790274 0.280712867748339 0.290769903260129 0.300035011172996 0.308501809303236 0.316179014906919 0.323088124703307 0.329261423339082 0.334740249083659 0.339573444111755 0.343815913889385 0.347527254567547 0.350770414123652 0.353610381233917 0.356112915946935 0.358343353419203 0.360365491861021 0.362240612599709 0.364026647603937 0.365777514336254 0.367542620752099 0.369366547271163 0.371288872900658 0.373344127039994 0.37556183289253 0.377966587008509 0.374564335104939 0.377376738899711 0.380429367370055 0.383726212255194 0.387265411279704 0.392220400262487 0.39609056365467 0.415384395406248 0.419514601931553 0.423744727410037 0.427999799829641 0.432178577273449 0.441392705137208 0.444895898717142 0.447790476152535 0.449772400623943 0.45047009472189 0.449491515989269 0.446563599958448 0.440823749158566
0.195253903701284 0.208701665006488 0.221995783400641 0.234967322389306 0.247472475232383 0.259395572128796 0.270649109372204 0.281171739962071 0.29763375504795 0.306639731322474 0.314812758934901 0.322168077528094 0.328733452835412 0.334547102716141 0.339655903068524 0.344113816090708 0.347980443796153 0.351319650828754 0.354198234380569 0.356684613488473 0.358847572790215 0.360755049298047 0.362473033402908 0.364064567936215 0.365588923728253 0.367100918362964 0.368650430943719 0.37028208312326 0.372035081162552 0.373943180299364 0.376034758906633 0.37833291803121 0.374683977350176 0.377403232628141 0.380376311600744 0.383604456795201 0.388287921244019 0.391972355774778 0.39586184668609 0.399870382146416 0.419166497113132 0.423324253053168 0.427490365874118 0.431559162202685 0.435391794532161 0.444134680963647 0.446858153925332 0.448670809977771 0.449242034371515 0.448245819315876 0.445471365691338 0.440067488411555
