R/Data/side_v1_12_7.asc
NCOLS 365 
NROWS 740 
XLLCORNER 0.791666667335165 
YLLCORNER 6.2083333340009 
CELLSIZE 0.00833333332967033 
NODATA_value -9999 
[rows 115 to 137 of 740, columns 255 to 305 of 365]
0.0325901603273947 0.0325506052185159 0.0325750253429682 0.0324714243050337 0.0323572915604446 0.0343040724637199 0.0343634313199869 0.0344416314173248 0.0345551177447124 0.0347238060371598 0.0351324633419354 0.0353620404464075 0.0357147982246621 0.0362069815933039 0.0368488404931142 0.0376452635294625 0.0385974008191205 0.0397042319415057 0.0409635959974239 0.0423726891255612 0.0438830021196111 0.045564208901595 0.0473811970268409 0.0493280566785293 0.0513975256669745 0.0535807624584259 0.0553696668655859 0.0577404763570026 0.0617490881120846 0.0643025305512423 0.0614574974946349 0.0639882982805872 0.0665475187070071 0.0691161043083283 0.0716744377313273 0.0763762268703399 0.0812760983687942 0.0836501783348006 0.0859263587966466 0.0880894068640765 0.0923576014975205 0.0942020685870798 0.0958972761422921 0.09743759614849 0.0988194950717751 0.100041414385531 0.101103609941971 0.10200796514556 0.102757785397416 0.103357582955154 0.103135125841338
0.0323090202726642 0.0322487231428939 0.0321609302799534 0.0321129199450934 0.0319695426877091 0.0338763174053688 0.0339006543465156 0.0339393581405718 0.0340096082664906 0.0341328991537274 0.0320199886475854 0.0321798064401129 0.0349429935383576 0.0354025215259935 0.0360180800951271 0.0367926066219152 0.0377249849366409 0.0388121984070108 0.0400505939546653 0.0414364107692971 0.0429194558567166 0.0445719091001956 0.0463575464249953 0.0482709516721768 0.0498148536296307 0.051956292299216 0.0542011762538311 0.0580431471450341 0.0605056552731278 0.0630323587196525 0.0601712110718778 0.062682769606334 0.0652293624383887 0.0677927862561503 0.0703541192122829 0.0750681277667677 0.0799885623119128 0.0823969034709681 0.0847158839502673 0.0869298279244258 0.091262354532007 0.0931705959804502 0.0949349490127828 0.0965488213049176 0.0980076734295824 0.0993089262808221 0.100451828873595 0.101437294602287 0.102267715883257 0.102946764016579 0.102807938937946
0.032070832090971 0.0319928751517622 0.0318854950498983 0.031807438501988 0.0316379459017937 0.0335059062881322 0.0334975401876525 0.033498285522314 0.0335260243455842 0.0336040812431301 0.0314555086431981 0.0315736434767328 0.0318266610274315 0.0322322430504543 0.035268916165545 0.0360287197250927 0.0369483241693692 0.0380221967003778 0.0392449377305397 0.0406117577463363 0.0420709939252578 0.0436970337843446 0.044970073177363 0.0468448659604741 0.0488384344652934 0.0509436081712409 0.0531517061948511 0.0569476642504179 0.0593760781567792 0.0618716687386522 0.0589916677305298 0.0614784148295885 0.0640060511585906 0.0665572792933908 0.0691139520549556 0.0738305775158718 0.0787568904093268 0.0811901857631909 0.0835426078391315 0.0857981801071369 0.0901832833486055 0.0921465516372546 0.0939717686129358 0.0956514631366959 0.0971801517156087 0.0985542770671847 0.0997721026194139 0.100833574860782 0.101740158629797 0.102494655993851 0.102437287069199
0.0318734036324533 0.0317809713490488 0.0316574926315961 0.031505568493211 0.0313616163799419 0.0331922174784438 0.033153746672884 0.0331180598534034 0.0331035792176958 0.0331356969333122 0.0309510952192554 0.0310274997142637 0.0312491742219514 0.0316353433011979 0.0321912251231197 0.0329123179972636 0.0362673918251789 0.0373344802312298 0.0385468243633515 0.0398986710926493 0.0413372377472752 0.0424589466441723 0.0441808612327533 0.0460237379922505 0.0479824587966943 0.050050726090129 0.0536605132526723 0.0559698563308573 0.0583614222925318 0.0608224328966473 0.0579215947646047 0.0603790068299624 0.0628824313538401 0.0654154985741189 0.0679608781023075 0.0726715620998788 0.0775908942688138 0.0800404979005769 0.0824175029174828 0.0847057618752711 0.0891319228195475 0.0911414363548189 0.0930190363205119 0.0947564707496492 0.0963473933372702 0.0977873308146759 0.0990736035686716 0.100205215062281 0.101182709395663 0.10200801053103 0.102029064316909
0.0317144514863484 0.0316108573481516 0.0314750573188724 0.0313087175064524 0.0311400453887408 0.0329353233686257 0.0328700138236745 0.0327997522247737 0.0327430568049538 0.0327274811105385 0.0305049930335045 0.0305381412572668 0.0307307446332397 0.0311041296849275 0.0316592906540371 0.0323851449863422 0.0332679201883479 0.034295762970781 0.0379572594471669 0.0388253503786114 0.0402411120483232 0.0418152343334585 0.0435096483099283 0.0453208393746199 0.0472445339649063 0.0492753216556352 0.0528384352866448 0.0551081076628343 0.057460701509739 0.0598844310549065 0.0569614310523001 0.0593859448392366 0.0618609255941682 0.0643709226362748 0.0668994349759438 0.0715967320964863 0.0764981223916805 0.0789562360477984 0.0813496855536717 0.0836622653349328 0.0881184674061129 0.0901656937280104 0.0920872823570173 0.0938743043423245 0.0955196428949203 0.097017984328247 0.0983657664745047 0.0995610915086432 0.100603608770696 0.10149437297691 0.101590080637435
0.0329096916942243 0.0330464862983962 0.0331653013192817 0.0332683447590653 0.0333566466610131 0.0324318829828833 0.0323674679089263 0.0322969323918845 0.0322365255303057 0.0322138272128013 0.0329808064887734 0.033224991759467 0.0336477656791857 0.0342787255471077 0.0351181676532053 0.0328078956812394 0.0338235843661453 0.034998241664431 0.0363255068349545 0.0398135786401609 0.0394975425636301 0.0412055631112781 0.043068193619529 0.0450890979176793 0.0472715349488909 0.0447455535236175 0.0466927085956299 0.0487460080062524 0.0508992206356841 0.0531442088220511 0.0558188174776755 0.0582255829902793 0.0606874370062544 0.0631891889408286 0.0657144937410119 0.0744674088092463 0.079325377758442 0.0817460719322656 0.0840902393697595 0.0863428561797136 0.0884902548799053 0.0905203039567157 0.0924225433520719 0.0941882608224964 0.0958105255734107 0.0924527317931516 0.0939560184321956 0.0953071469843385 0.0965036425391264 0.0975446300718787 0.101702379863376
0.0327694575860783 0.0328979980403819 0.033009264766212 0.0331052691912036 0.0331860306709025 0.0322651861030357 0.0321855471728222 0.0320878714183758 0.0319875360369414 0.0319117813732849 0.0326126315175456 0.0328045628889076 0.0332018392880477 0.0338393291367951 0.0347020368973997 0.0324339718562798 0.0334664008108473 0.0346470772648764 0.0359697811383633 0.0375431741756396 0.037207984755076 0.0388755146614357 0.0406906444509371 0.0426579899588728 0.0447816433560314 0.0442108971863295 0.0461164573694983 0.0481271979242402 0.0502377410844973 0.0524408228716656 0.0550733601667075 0.0574424571512436 0.0598700717204255 0.0623418495600504 0.0648422230807591 0.0735618208202198 0.0783855203836808 0.0808016851209602 0.0831478309312184 0.0854089499081892 0.0875712492352535 0.0896223404874647 0.091551380398216 0.0933491661051494 0.0950081805307147 0.0917358952837979 0.0932916408409618 0.0946984556005739 0.0959529664748711 0.0970533908561227 0.101225037297086
0.0326583306427489 0.0327811299529149 0.0328883934721005 0.0329823096447695 0.0330621444613331 0.0321628404646794 0.0320712487557109 0.0319554635178584 0.0318211471537066 0.0316910996107288 0.0323126437417273 0.0324355117936099 0.0328080255363829 0.0334751302641412 0.0343837640703157 0.03217133544369 0.0332245220502862 0.0344110296894903 0.0357272911434184 0.0371744372834663 0.0369150903809254 0.0385488612469675 0.0403241587465011 0.0422462725883618 0.0475144673741572 0.0437809029291732 0.0456441919037539 0.0476117783455157 0.0496790315797738 0.0518394577970304 0.0544289496031435 0.0567590658421589 0.0591507321865969 0.0615903651468403 0.0640631222348216 0.0727423121817746 0.0775257646181127 0.0799323055327877 0.0822748458257011 0.0845384422336061 0.0867092414886198 0.0887746686503101 0.0907235800589689 0.0925463634493526 0.0942350017630802 0.0910473178072828 0.0926486318905852 0.0941043977110791 0.0954104051474151 0.0965640147775832 0.100739496878845
0.0325728468076821 0.0326919678109833 0.0327984917824545 0.032895377800396 0.0329817099654834 0.0310752240058939 0.0309803924515772 0.031908560358167 0.0317552134794876 0.031579805571354 0.0321104229618912 0.0321259268464759 0.0324699119208212 0.0332153296550555 0.0341955551092494 0.0320435950985217 0.0331122384778405 0.0342975322141269 0.0356008115815986 0.0370261085902918 0.0367290548133885 0.0383261240753936 0.0400595830658268 0.0419352421206913 0.0471260159679318 0.0434488768273209 0.0452692241095445 0.0471932016869243 0.0492168045682979 0.0513341967457772 0.0538801470888118 0.0561705383464874 0.0585252038837249 0.0609312549463845 0.0633745146478785 0.0720072725507253 0.0767459484455676 0.079138728695947 0.0814730325224552 0.0837340124735597 0.0859077974791416 0.0879816847643984 0.0899442921501965 0.0917856704816848 0.0934973755209381 0.0903937626399822 0.0920341284012311 0.0935323741419094 0.094883516281805 0.0960841142655093 0.10025333501869
0.0325091178305018 0.0326258225268252 0.0327341074154624 0.0328385053031416 0.0319667113131176 0.0311165625484563 0.0310412797093834 0.0309308258686548 0.0318078408305018 0.0316205511329384 0.0320865932140074 0.0319477214654323 0.0322373827148505 0.0331511364448971 0.0341913255806255 0.03207800477151 0.0331419259775811 0.0343109484778825 0.0355902079804075 0.0369855996862734 0.0365703305721288 0.038201385733989 0.0398903785969266 0.0448145546698735 0.0468333291414397 0.0432072536770428 0.0449840839233836 0.0468641866803506 0.0488440536067298 0.0509183875991134 0.0534207378892259 0.0556711694479555 0.0579883639316504 0.0603600495591596 0.0627726471419463 0.0713539131454002 0.0737759720005257 0.0784203294507377 0.0807426712398229 0.0829968419997548 0.0851689825017686 0.087246299340052 0.0892172242799151 0.0910715273059619 0.0928003986649688 0.0897808118994813 0.091454208587076 0.0929888627016929 0.0943790818583325 0.0956206798867044 0.0997736649288915
0.0282366893925298 0.0299989397839017 0.03195211107128 0.0319949740292417 0.0311076373958259 0.0313621735163375 0.0313733101382025 0.0313575842561903 0.0323023812418685 0.0322168096551422 0.0321065374194541 0.0320433579705189 0.0323508254754418 0.0331519699253765 0.0341370660544492 0.0352419293781904 0.0364588846296818 0.0377896524815652 0.0392385404939456 0.0408106818490473 0.0425112971671749 0.0444208975920973 0.0464174985011296 0.0516333759349606 0.0539623268689319 0.0550070350505202 0.0575568465361043 0.0602494605654629 0.063080074325195 0.0660415937734703 0.0707281615141938 0.0739024592905217 0.0771616845106729 0.0804890761635794 0.0838658506765921 0.0800568663942954 0.0835326071365298 0.089277124331371 0.0927487398296555 0.0961810522000044 0.0797567760349418 0.0819642855186048 0.0840825096364431 0.0860985146473082 0.0880006759012793 0.0899340726486812 0.0915784113239592 0.0930826135910627 0.0944410468923357 0.09564958261703 0.0959612117670105
0.0283023007670798 0.0300657126478366 0.0300268617322801 0.0299987730800184 0.0311771290805278 0.0314624025061987 0.0315239827584243 0.0315707331348826 0.0315908358298351 0.0325644728039654 0.0325750985043822 0.0326767950187255 0.0330228552713515 0.0336763313352036 0.0345507194104482 0.0355789251693423 0.0367357060967351 0.0380140456367694 0.0394139859973291 0.0409384007321634 0.0425912054557522 0.0444266057506291 0.0463710426178456 0.0515138281130858 0.0537848091530559 0.0547781369616958 0.0572668069601837 0.0598963310427747 0.0626619848367177 0.0655568208054253 0.0701622843993533 0.0732670347788085 0.0764558504603052 0.0797123743714575 0.0830182933868337 0.0792108169484684 0.0826214627294014 0.0882772181445801 0.0916895340603944 0.0950662578669609 0.0791828507003984 0.0813901856140753 0.083512928696346 0.0855379286627601 0.08745325489342 0.0894031617041811 0.0910677676509391 0.0925950281241244 0.0939787387747592 0.0952141661840264 0.0955792258879514
0.030188768526374 0.0301455804505988 0.0301086095010896 0.0300921273228436 0.0302600865051358 0.0305580380679348 0.0306599477825883 0.0318184553676355 0.031929354790889 0.0320298475550995 0.0331066897613588 0.0333175099452049 0.0336937818614486 0.0342835918867753 0.0350697807627262 0.0360182322825129 0.0371066175715017 0.0383246710810383 0.0396693154853107 0.0411412036817607 0.0427427382489807 0.0455362442662088 0.0474382591832875 0.0514611739815127 0.0536743782623575 0.0546167369838148 0.0570452909134044 0.0596130173339686 0.0623151879548832 0.0651449237214183 0.06967029987982 0.0727069906882594 0.0758267926986728 0.0790136947324674 0.0822497978578101 0.0784478846568225 0.0817942215169578 0.0873615310357784 0.0907143212559633 0.0940347330353658 0.078674679745222 0.0808793764849023 0.0830037589081803 0.0850344834360569 0.0869593444313059 0.0889217254862429 0.0906023597458617 0.0921482043963854 0.0935525296901437 0.0948100444330972 0.0952249298099892
0.0302843711360641 0.030233946118913 0.0301948217218878 0.0303173068978749 0.0303689355994528 0.0306999515013839 0.0308621249524819 0.0310476800674352 0.0312392873197612 0.0324800407175646 0.0327014938680058 0.0339191125652505 0.0343291139736764 0.0348954806298618 0.0356261949390929 0.036510411706933 0.0375358197777744 0.0386945804407838 0.039983320055855 0.0441270678242814 0.0456800060304646 0.0473673396909957 0.0475428474496038 0.0514636577005223 0.0536202583098506 0.0545128285346901 0.0568829475256816 0.0593907288101413 0.062031383200532 0.0647980485674599 0.0692448352290791 0.0722153657665136 0.0752679583359293 0.078386900405379 0.081554659633147 0.0777625080453603 0.081045787209066 0.0865256800554469 0.0898192881729597 0.0930832614579866 0.0782302407624803 0.0804304957584804 0.0825543066387757 0.0845881543988486 0.0865195808596956 0.0884910464292923 0.0901840922763061 0.0917446393562132 0.0931654728670412 0.0944407853496633 0.0949023490921307
0.0303901447174948 0.0303274138441899 0.030279928909696 0.0303950675672714 0.0304633237071443 0.0308231246910774 0.0310436459691031 0.0313070947942217 0.031590255109734 0.0318799174314556 0.0321825607113088 0.0322625994253413 0.034910679767894 0.0354765584291002 0.0361774315719632 0.0378782265472775 0.0388550270832892 0.0417874078633515 0.0430294265325773 0.044402193694956 0.0459074017247937 0.0475471897919353 0.0476902294795243 0.0496286409940557 0.0536116396003189 0.0544564474121455 0.056770524279571 0.059220807786707 0.0618024253123809 0.064508499698972 0.0688786596531125 0.07178531433485 0.0747728745893471 0.0778258883746831 0.0809271503423816 0.0784358379424158 0.0816099526777108 0.0848064186876653 0.0880021315617149 0.0922082143503071 0.0778470349067504 0.0800416282822108 0.0821632541402548 0.0841982288854893 0.0861338594764013 0.0881116205770993 0.0898140529844749 0.0913859932390173 0.0928197785688858 0.0941091218284933 0.0946146922297458
0.0300521355849897 0.0299894921313415 0.0300394527885098 0.0300492958621749 0.030135549973139 0.0303132044347262 0.0305780277289561 0.0309085417488986 0.0312754855775789 0.0316552589854056 0.0314136113420964 0.031749055171336 0.0339624873861263 0.0344535807942069 0.0360346043632215 0.0351689603862712 0.0359194366667918 0.0385400332443503 0.0395525036982422 0.0406958409082094 0.0444372039118907 0.0459869623667421 0.0476798347309946 0.0479274178500278 0.0517835643189803 0.0539650049885971 0.0562964938258164 0.0587751515714949 0.0613959899170259 0.064151710173217 0.0687038512416147 0.0717097439028189 0.0748058345176675 0.0793437707582602 0.0825268478801991 0.087354010518798 0.0904938594745523 0.0936091438137441 0.0966764463375545 0.0996721637125658 0.100383118930631 0.104296076338086 0.107031510202605 0.109614182211996 0.112024871972174 0.112506629312971 0.11456124453715 0.116406967328347 0.118034167114505 0.119436045637907 0.1195438861696
0.0301724715490986 0.0301661118528528 0.0301034686229903 0.0300948722214988 0.0301779087184144 0.0303740985730342 0.0306813982736601 0.0310757329083068 0.0315213484860829 0.0319857729103561 0.0318441770776159 0.0322465932153554 0.0344945195987318 0.035010060380639 0.0356163784518306 0.0347497976154561 0.0364249736397655 0.0389243308002557 0.0399045773337602 0.0410132752206228 0.0447015363882452 0.0462133484400362 0.0478669314280787 0.0496650057470605 0.0518604601437144 0.053983481153991 0.0562651690111269 0.0586921277957995 0.0612592941495782 0.0639593485516223 0.0684423605496413 0.0728121305514277 0.075814785339192 0.0788864856618991 0.082007841894467 0.0867591921855423 0.0898360776519209 0.0928883594791244 0.095893071635057 0.0988270777779123 0.0995111689920131 0.102291423492619 0.104945703624577 0.107453740426907 0.110915551293043 0.11137560608364 0.113389833311302 0.115198676795453 0.1167924419441 0.118164193743324 0.118330249514452
0.0303046742283845 0.0302603768560223 0.0301635505031874 0.0301252419706187 0.0301936188746107 0.030398041832782 0.0307389486348436 0.0311894025669654 0.0317069884092343 0.0322506318827259 0.033987242566526 0.0344746321326635 0.0349542227965216 0.0355025468087444 0.0361227271194077 0.0352752858814749 0.0359754841402003 0.0367902561187905 0.0377261179720831 0.041318286321696 0.0449607954068072 0.0464408052983323 0.0480605297463913 0.0498228296812996 0.0519282349122943 0.0540014030175891 0.0562599601210014 0.0586392844483734 0.0626343583773683 0.065259306080877 0.0696527411921644 0.0725151418435038 0.0754620028725875 0.0784762323283884 0.0815387241857957 0.0862157229046959 0.0892319791542267 0.0922233544418117 0.09516730875919 0.0980411458710979 0.0987000274752071 0.101424744673553 0.104025351899248 0.106481913713047 0.108776128654474 0.109200890783271 0.112279141488716 0.114049088078481 0.115607018795839 0.116945893528099 0.117167929944575
0.0305042008533066 0.0303644469228929 0.030224152265008 0.0301442405869482 0.031783157936518 0.0320122369595449 0.0324053669734475 0.0329315397066498 0.0335406721473943 0.0341827734128282 0.034253514868813 0.0348092729912577 0.0353675718551763 0.0359287139898018 0.0365713468770367 0.0357529531041027 0.0364480323830401 0.0372498292024543 0.0381671104573136 0.0392070084285121 0.0427876245769365 0.0466618647309706 0.0482535761157623 0.0499854039269343 0.0518971917564417 0.0540423989709866 0.0577561219400538 0.0600754666101214 0.0625287350026553 0.0651085378704184 0.0694424103949156 0.0722544488685306 0.0751488627062816 0.078108783256041 0.0811153812989528 0.0857196830764232 0.0886777684923148 0.0916104665556377 0.0944956419477851 0.0973110157310971 0.0979464542730901 0.100616747230496 0.103164448308199 0.105569941247999 0.107815186615662 0.108218282210615 0.110137781449132 0.111862089108743 0.113381604246275 0.115781202660198 0.116057344181543
0.0321301255574513 0.0319747178436599 0.0318051019535328 0.0316950942140641 0.0317227477463302 0.0319387184540199 0.0323481957278924 0.0329156233036393 0.0335835302834173 0.0342941094111619 0.0344539164920957 0.0350754011118038 0.0356895840201453 0.0362904245786103 0.0369617272927988 0.03617981736494 0.0368781088269342 0.0376751933663736 0.038581726404996 0.0396062910041359 0.0431526822242686 0.0445641625929045 0.0461104957617313 0.0501478794482157 0.0517315083103469 0.0537443951079921 0.055872785625642 0.0600294978407444 0.0624443641202359 0.064983077108456 0.069261058942637 0.0720263242087406 0.0748716926502876 0.0777805216243567 0.0807342517066523 0.0852676415887757 0.0881700852597336 0.0910464149731709 0.0938748840758499 0.0966336117103753 0.0972474360487148 0.0998645660557734 0.102360301997888 0.104715326962821 0.106911857962853 0.107293857391007 0.109170170722442 0.110853475438474 0.11233418774907 0.113605225069912 0.113943313177436
0.0320767040769274 0.0317857048308116 0.0314626605910502 0.0311909441801264 0.0310633789470451 0.0312899792117938 0.0316035708185964 0.0320755820766853 0.0326397171803707 0.0332347174890401 0.0355891127303689 0.0359257126394987 0.0363087080513917 0.0367528209151708 0.0372422053064417 0.0381838149714223 0.0389156064211362 0.039754304427598 0.0407065724460041 0.0417779039520344 0.0421461787724633 0.0434822859425725 0.0449540605204933 0.0465653524624063 0.0503609826213712 0.0532143636512413 0.0553034367660318 0.0575448039395577 0.0617477946505789 0.0642676438575849 0.066903178780028 0.0696419898745179 0.0724691418991254 0.0753672593579725 0.0783166934719871 0.0812957723755299 0.0842811246076401 0.0872480760408173 0.0901711021778435 0.093024327793847 0.0938666037279657 0.0966269628848226 0.0992570140661439 0.101733169128977 0.104033791055722 0.106139628293277 0.108034175655956 0.10970396273907 0.111138753001222 0.112331658321435 0.112628365481733
0.0322755299078491 0.0319519969658066 0.0315688037415968 0.0312245438728447 0.0310396224711041 0.0312310255045565 0.0315528825801191 0.0320566696249172 0.0326668657270583 0.0333157302713135 0.0358676781085858 0.0362333740654584 0.0366420874716633 0.0371071446283116 0.0376081422093104 0.0385557240683977 0.0392919378348107 0.0401302539775794 0.041077923658478 0.0421409675124889 0.0424882227864793 0.0438128006065935 0.0452698580742747 0.0468634704429559 0.0481113593644187 0.0509348411882025 0.0529894412902796 0.0576124994501987 0.0617016853379705 0.0641879700752472 0.0667868342694606 0.0694860055589206 0.0722707267694996 0.0751238473935664 0.0780259918029592 0.080955806060835 0.0838902799698834 0.086805134317493 0.0896752657442781 0.0924752305714386 0.093320453864979 0.0960316709853677 0.0986134735605764 0.101042600357308 0.103297688298821 0.105359697710482 0.107212270164478 0.108842019436591 0.110238735367741 0.111395506585105 0.111678479428038
0.0325012076865015 0.0321538839601614 0.0317104724543959 0.031284013797078 0.0310306474330751 0.0311816928986339 0.0315074185183654 0.0320363533166193 0.0326833915181884 0.0333759884177365 0.0361120697042544 0.0365027467829322 0.0369347964465867 0.0374202287255423 0.0379718032199796 0.0388901453006172 0.0396342629032443 0.040476319889638 0.0414238806861344 0.0424832851119116 0.0428133979095164 0.0441312014203859 0.0455781473918949 0.0466776698482268 0.0483979657913672 0.0511960522690216 0.0532279081104341 0.0553918752861544 0.0591448620753298 0.0615788247135684 0.0666933626762196 0.0693563050867621 0.0721018664244055 0.0749131163526162 0.0777709444943748 0.0806543069572043 0.0835405417979238 0.0864057501775308 0.0892252309700329 0.0919739563742497 0.0928243693237822 0.0954879812719178 0.0980227827480081 0.10040582726018 0.102616017624589 0.104634522867737 0.106445136935743 0.108034566177387 0.109392644653725 0.110512460012688 0.110780927279524
