R/Data/side_v1_12_5.asc
NCOLS 365 
NROWS 740 
XLLCORNER 0.791666667335165 
YLLCORNER 6.2083333340009 
CELLSIZE 0.00833333332967033 
NODATA_value -9999 
[rows 69 to 91 of 740, columns 208 to 259 of 365]
0.0475220865587077 0.0488103198414445 0.0501422850183968 0.0515021040659791 0.0528703988321679 0.0542246017610344 0.0555395910942607 0.0567884798245645 0.0579437320999927 0.0589783051072241 0.0598668997578193 0.0605870731891411 0.0611202269787699 0.0614522595611538 0.0615739826600648 0.0614811902627767 0.0631099307705744 0.0634846040112414 0.062722455650085 0.061769947739689 0.0606419790216905 0.0593552320194934 0.0579276053538216 0.0551680170494816 0.0535113446461854 0.0517715713451663 0.0499672028375689 0.0481160681806074 0.046235128887469 0.0443403274456233 0.042446479139878 0.0405671353293336 0.0387145788678664 0.0368997371715745 0.0351321761933952 0.0334201117400716 0.0317704279958216 0.0301042202816298 0.0285591402352336 0.027096006830979 0.0257162320538392 0.0244202905814703 0.0236346817883459 0.0224905591966129 0.0214272217314575 0.0204428040091303 0.0195350698519596 0.0186095002089464 0.0178402059339506 0.017147579852483 0.0165209795483449 0.0159576195702742
0.0438843133928808 0.045109545761163 0.0463883580107827 0.0477074681261057 0.0490501630806508 0.050396517192399 0.0517239034792842 0.0530076806945728 0.0542221812803146 0.0553417354846255 0.0563418476819488 0.0572002268466435 0.0593767955976695 0.0598699798465492 0.0601677847699412 0.0602638511636515 0.0601562959949389 0.0617965079584124 0.0613165224466332 0.0606479724337405 0.0598020058836722 0.0587917112074094 0.0576316199147257 0.0551231319054242 0.0537069088504321 0.0521905846115962 0.0505908242199848 0.0493151875724358 0.0475511992789215 0.0457535115394038 0.0439371673447068 0.0421162890148005 0.040304006568837 0.0385123459945116 0.0367522041915963 0.0350332685373997 0.0333640162260515 0.0317516997396004 0.0302023703344931 0.0287209225747495 0.0273111293024797 0.0259757301830942 0.0248931106811376 0.0236906809868899 0.0225671687594568 0.0215219468291833 0.0205538297113633 0.0187043937637781 0.017918058123131 0.0172069863511654 0.0165633889662093 0.0159845306466
0.0442926598473679 0.0455515302843922 0.0468686348043159 0.0482306082380053 0.0496204715728231 0.0510178562459854 0.052399499083339 0.0537399803760701 0.0550126989675249 0.0561909986239898 0.0572493285338241 0.0581643789388575 0.0604119896301431 0.0609562303186297 0.0613006391617795 0.0614381580012485 0.0613663111522941 0.0610868457112528 0.0606052551836309 0.0619164938999005 0.0610812437408145 0.0600747288174105 0.0589114910837519 0.0576071450102862 0.0549582771561026 0.0534180526024448 0.0517882199994962 0.0504761054880087 0.0486700456498372 0.046825639949873 0.0449585347296686 0.043083538285005 0.0412144578318216 0.0393640371829097 0.0375438608723039 0.0357642914493769 0.0340344414918349 0.0323621630958094 0.030754034232527 0.0292154161168579 0.0277504733091696 0.0263622686767108 0.0252209590874611 0.0239714101034966 0.0228036304907266 0.0217170241944182 0.0207103769314952 0.0188086095768665 0.0179935600610119 0.0172534290538738 0.0165830451593921 0.0159794100673469
0.0447198279859288 0.0460128850944695 0.0473689035150728 0.0487744398692 0.0502122356592368 0.0516614572351197 0.0530981973989694 0.0544962269564499 0.0558280294923761 0.0570659377396691 0.0581833706522978 0.0591559996091046 0.0614755096807368 0.0620718065013653 0.062463891029797 0.0626440223380139 0.0626091163000326 0.0623604673275799 0.0619032108399472 0.0612457295777056 0.0623973755570263 0.0613959900763752 0.0602308980294352 0.0589177746323524 0.0574730391223771 0.0546893709284016 0.0530301976577126 0.0516815497755544 0.0498336025564031 0.0479423399400997 0.0460240428046189 0.0440941685594818 0.0421672407575176 0.0402567302330695 0.0383749334204963 0.0365329291472685 0.0347405097736579 0.0330061452688977 0.0313369989965066 0.0297389338931223 0.0282165565524994 0.0267732749468074 0.025570578720062 0.0242718419888057 0.0230578273207756 0.021927992650826 0.0208811056524442 0.0189251144053805 0.0180801281117249 0.0173097483718931 0.0166115433396223 0.0159822482910719
0.0451669806725705 0.0464948141884977 0.0478904220851269 0.0493402518756613 0.050826756434492 0.0523286161165061 0.0538212612906617 0.0552776471361314 0.0566693225633715 0.0579676201057162 0.0591449427730363 0.0601759352112064 0.0625680292995795 0.0632172612366154 0.0636579848984727 0.0638817632818434 0.0638849519807555 0.0636683545203338 0.0632367190439954 0.0625981567853572 0.0617635234990445 0.0607458723547406 0.0615898175822342 0.060269092021423 0.0588098373527707 0.0560044512105589 0.0543167019624928 0.0529314861664089 0.0510418827475534 0.0491036881748265 0.0471338013064096 0.0451483404398407 0.0431625541669073 0.041190639638746 0.0392456509784509 0.0373394095561702 0.0354824129608472 0.0336838188276402 0.0319514035422678 0.0302915734675012 0.0287094167363169 0.0272087400524738 0.0259418917470446 0.024591854895536 0.0233296007593926 0.0221546556083076 0.0210657906140248 0.0190536529497306 0.0181775114279765 0.0173756951953327 0.0166486487254687 0.0159928381947205
0.0456353302383118 0.0469985899042564 0.0484344969528079 0.0499293817996182 0.0514653909780383 0.0530206875444662 0.0545700199884365 0.0560855131690597 0.057537770146304 0.0588971317720115 0.0601350012750992 0.0612250336357321 0.0636902429041606 0.0643931553676361 0.0648833531305401 0.0651517252174865 0.0651940628270164 0.0650106798967931 0.0646059163037655 0.0639875715188617 0.063166270530646 0.0621548956223023 0.0609680467405006 0.0616611103701038 0.0601883995375335 0.0585873080205648 0.0556477175941529 0.0542259095434926 0.0522949215341378 0.0503097633048296 0.0482879340067242 0.0462462173258128 0.0442005821402976 0.0421659773066932 0.040156233011158 0.0381839503282928 0.0362603729687501 0.0343953757246698 0.032597393057221 0.0308734442579626 0.0292291255878924 0.0276686787637727 0.02633484091287 0.0249313473669724 0.0236188079811338 0.0223968431828787 0.0212642416130964 0.0191939989383447 0.018285487700593 0.0174510520695618 0.0166941617284436 0.0160110076938734
0.0448527607958936 0.0462068282380814 0.0492005621460529 0.0507040786457008 0.0522479865477587 0.0538099940564635 0.0553644334315227 0.056921105557108 0.0584345769149493 0.0598555783934031 0.0611545260798368 0.0623041275662996 0.0632805281533067 0.0640640725533458 0.064639851715882 0.064997806529693 0.065132683475146 0.0650436515828679 0.0647338659780482 0.0642098689517554 0.0634810391805454 0.0625590585941522 0.0614573657478748 0.0601907861099765 0.0587751296508387 0.0592902369734308 0.0576385637908166 0.0546550565796575 0.0528165774246328 0.0509128253430201 0.0489608869248777 0.0469774067501286 0.0449783972154987 0.0429791079679993 0.0409938300547323 0.0390358010475253 0.0371170649802439 0.0352483743155897 0.033439142779756 0.0316973872369729 0.0300297559805056 0.0284415053257096 0.0267137401767752 0.025281930990111 0.0239408588439189 0.0226906256107791 0.0215304207132231 0.0204702600385776 0.0194801594883435 0.0185742287316612 0.0177492747143569 0.0170018598526521
0.0453553175408293 0.0467458768058311 0.0497759139600305 0.0513250876111022 0.0529189815161737 0.0545347226049544 0.0561459309519739 0.0577857305670398 0.0593609358035784 0.0608440333489512 0.062204456751642 0.0634140165850568 0.0644480060516486 0.0652860184053773 0.0659124312369426 0.0663166055793385 0.0664927172244425 0.066439460951999 0.0661595453414014 0.065659149936305 0.0649473323125516 0.0640354999181376 0.062936910520272 0.0616662594741385 0.0602393310439099 0.0586726700787094 0.0590529210960473 0.0561366310555313 0.0541638756345097 0.052216089535479 0.0502143937234002 0.048176033613272 0.0461176976736944 0.0440553732984227 0.0420041452775474 0.0399780450474734 0.0379899260698786 0.0360513371210192 0.0341724421744934 0.0323619704999143 0.0306271809816779 0.0289738988970965 0.0271704320185521 0.025679588193688 0.0242828447382838 0.0229804615589185 0.0217716996835224 0.0206702002997819 0.0196382193911605 0.0186938219508401 0.0178336069016666 0.0170538880959566
0.0458822227054464 0.0473101066479233 0.050376855696366 0.0519724650609983 0.0536170684863352 0.0552872157035579 0.0569557677029147 0.0586806486065432 0.0603180157401463 0.0618635131708903 0.0632856684237848 0.0645554278139486 0.0656472811706792 0.0665401067576758 0.0672176653125425 0.0676686969548001 0.0678868710662428 0.0678703841939103 0.0676214896814105 0.0671459595448365 0.0664524839737941 0.0655521662060772 0.0644580120005191 0.0631845502617731 0.0617474718786439 0.0601633333304744 0.0584493307715537 0.0575479681037307 0.0556483678825172 0.0535655027881893 0.0515138306749966 0.0494200341207357 0.047301489584893 0.0451749173815447 0.0430561980755355 0.0409602179769499 0.0389006630721218 0.0368899189290059 0.0349389454001101 0.0330572286971456 0.0312527080416977 0.0295318046296065 0.0276496550097101 0.0260973613980977 0.0246426643167418 0.0232860060669472 0.0220267474330997 0.0208823196163133 0.0198068971396447 0.0188226938819572 0.0179260990341234 0.0171131780657054
0.0464347029053394 0.0479008097556752 0.0510047000704363 0.0526475315666786 0.0543435861105402 0.056068764392007 0.0577951618539615 0.0596070984535132 0.0613069003531974 0.0629149816799541 0.0643989654589888 0.0657289910633027 0.0668788323490162 0.0678267025919039 0.0685557677046711 0.0690542292350427 0.0693152308246835 0.0693364732912277 0.0691197570724652 0.0686703767052282 0.0679966307915355 0.0671092453569675 0.0660209315680252 0.0647459922876421 0.0632999616403948 0.0616993599299992 0.0599614369273438 0.0581039724866259 0.0570677628363374 0.0550467075538933 0.0529604531192154 0.0507098448821668 0.0485302008731838 0.0463381561742113 0.0441504257831002 0.0419827310719396 0.0398496544010323 0.0377644501441143 0.0357389387384874 0.0337833943770995 0.0319065081889022 0.0301153423770584 0.0281514489992091 0.0265352330331218 0.0250202443425505 0.0236071487720499 0.0222954209648337 0.0211064430015209 0.0199860114870125 0.018960666565101 0.0180265945298107 0.0171796005187335
0.0470139772172005 0.0485192535263657 0.0516607281554692 0.053351579681403 0.0550997851567689 0.056880582797865 0.0586652430173336 0.0605662038025259 0.062328592190111 0.0639992470019837 0.0655449724644297 0.0669351698346168 0.0681429540927952 0.0691459579366454 0.0699268027786561 0.0704731806920072 0.0707777453629566 0.070837674327802 0.0706542825180596 0.0702323969999275 0.0695798146914241 0.0687068749038372 0.0676259028577995 0.0663509082666502 0.0648972224536758 0.0632812543857274 0.0615202728781836 0.0596321773115988 0.0585340412033363 0.0564683537594553 0.0543309624974808 0.0521406146116956 0.0499158031585829 0.0475456263736584 0.0452873227256708 0.0430460581711297 0.040837330527209 0.038675324997108 0.0365727472768265 0.0345407446407894 0.0325887818037648 0.0307246413466953 0.0286758521544724 0.0269931836681418 0.0254155116167377 0.0239437675599237 0.0225775683794956 0.0213423756006621 0.0201753466699997 0.0191075332650177 0.0181349002270172 0.0172529886869724
0.046906154627855 0.0485714704630311 0.0503650449222608 0.0522736058633019 0.0542774897962993 0.0563508201880179 0.0584621378594071 0.060575569370911 0.0626523395795677 0.0646525816239385 0.0665371875231026 0.0682695534797074 0.0698170394153887 0.071152027751052 0.0722525298221275 0.0731024066546782 0.0736912075938862 0.0740137387755866 0.0740695017094108 0.0738620284252118 0.0733982500399624 0.0726878951566872 0.0717429632005391 0.0705773263510922 0.0692063441809586 0.0676466257699725 0.0659157855649706 0.0640322505003662 0.0620151228768822 0.0607833252869388 0.0585791426554464 0.0563004519743163 0.0541781285917028 0.0517656188176474 0.0492197833849011 0.0467848599863178 0.0443744931122676 0.042499782792795 0.0401532383065294 0.037877420739203 0.0356842295528734 0.0335836908537083 0.0315838859464831 0.0296910074681931 0.0279093931078777 0.0262416351950551 0.0246887099323759 0.0231611861339956 0.0218235694143058 0.0205982245995377 0.0194810110288067 0.0184671464766746
0.0475871403031879 0.0492946629236235 0.0511358085220975 0.053096842900775 0.0551573824536712 0.0572906043638841 0.0594640174565714 0.0616406845667474 0.0637808569249544 0.0658438168391136 0.0677897984843655 0.0695816794786741 0.0711864478960314 0.0725761783911667 0.0737286268764849 0.0746273481155535 0.0752615401878403 0.0756255746993896 0.0757184470298533 0.0755431213353562 0.0751059183096603 0.0744159652740937 0.0734846893446432 0.0723254273515089 0.0709531113150564 0.0693840064685257 0.0676355216877031 0.0657260040561345 0.0636746275719538 0.0623754943769751 0.0601215617597238 0.0577858963618977 0.0555727574144074 0.0530913234713049 0.0505935051923588 0.0480988463862727 0.0454929990009859 0.0435527841713027 0.0411202058167629 0.0387582687042754 0.0364798705436304 0.0342959459434809 0.0322154039484581 0.0302451364664821 0.0283900624849959 0.0266532191667768 0.0250358914551447 0.0234392185470549 0.0220478652712803 0.0207736939423811 0.0196123848028941 0.0185588979015359
0.0483023864796101 0.0500533713248981 0.0519432755378559 0.053957827853979 0.0560758071099465 0.0582693802428552 0.0605049510471461 0.0627445278780488 0.0649474069062445 0.0670721243169722 0.0690783376244473 0.0709285678530788 0.0725895568278835 0.0740331950783368 0.0752370751635598 0.0761845068443291 0.0768643584226343 0.0772705719490494 0.0774015875974091 0.077259777677273 0.076850777637961 0.0761830332031031 0.0752673036860568 0.0741163227372866 0.0727444961139436 0.0711676715471225 0.0694029773208495 0.0674686346046133 0.0653838122759018 0.0631684801760798 0.0617134288265625 0.0593203807974508 0.0570136323863448 0.0544621150451305 0.05188889894724 0.0493144829568373 0.046758457011359 0.0446445046182769 0.0421232886596445 0.0396724420935337 0.0373059165061551 0.035035628532063 0.0328713719037662 0.0308208140263367 0.0288895140770889 0.0270809976668459 0.0253969175788261 0.0237285890823639 0.0222817469780622 0.020957300007652 0.0197507491628479 0.0186567841902768
0.0490531279507488 0.050848870893219 0.0527887263395256 0.0548577751033527 0.0570338684604137 0.0592880611746555 0.0615856224505018 0.0638874912147731 0.066152080790492 0.0683372785736115 0.0704023119313967 0.0723094858161379 0.0740254415154896 0.0755220240879027 0.0767767218836439 0.0777727038814988 0.0784985128871604 0.0789476491330968 0.0791179853064157 0.0790112001547002 0.0786322016837151 0.0779886451898831 0.0770905513817421 0.0759499514253257 0.0745806275452495 0.0729979607885263 0.071218700202372 0.0692608616488146 0.0671435800433491 0.0648869573487305 0.0625118720073682 0.0609051866324636 0.058502005259403 0.055879274320239 0.0532290875816953 0.0505729386405662 0.0479314928181766 0.0458728272275138 0.043278936846284 0.0406206282827156 0.0381629452551417 0.0358031925282879 0.0335521326011996 0.0314182621290296 0.0294078455352259 0.027524971486104 0.0257716848016798 0.0240290210752541 0.0225248743574067 0.0211486581784421 0.0198956949567209 0.0187603981270828
0.0498404410344498 0.0516822452045621 0.0536732165377425 0.0557976590777068 0.0580323754481006 0.0603472442316948 0.062706340631705 0.0650695656262841 0.067394532077721 0.0696386000126369 0.0717607505055003 0.0737232055988915 0.075492692709723 0.0770411183273427 0.0783459995615922 0.0793903727999297 0.0801624993264952 0.0806554099236984 0.0808663660928959 0.0807963047899556 0.0804492872681835 0.0798321278826221 0.0789539885738141 0.0778261120298141 0.0764615726358877 0.0748751598246436 0.0730831912986595 0.0711034159634989 0.0689548564971614 0.0666576840137208 0.0642330629358131 0.062541720472066 0.0600392672422982 0.0573442446215658 0.0546155380171793 0.0518756805289253 0.0491464313227583 0.0470160200969953 0.0443277129842498 0.0417090518049591 0.0391760991594642 0.0365992561566006 0.0342581497492093 0.0320378001918289 0.0299452368565896 0.0279851792678873 0.0261601168077037 0.0243402050398868 0.0227768559750288 0.0213473148200277 0.0200467290713112 0.0188692300474022
0.0502857193685426 0.0521030273834989 0.0542617433823239 0.0563759288360541 0.0585939221891544 0.0608848067785714 0.0632123944173228 0.065537003559757 0.0678173813167338 0.070012635093169 0.0720840018773099 0.073996196239877 0.0757184014875238 0.0772248176347399 0.0784947876902789 0.0795126577933803 0.0802674450192036 0.0816991062350947 0.0819216857539428 0.0818651591622317 0.0815326882961054 0.0809299757801548 0.0808570398425564 0.0797444825371844 0.0783872492034991 0.0767994663704585 0.0749969149699822 0.0729969967935744 0.0708185665365974 0.0684818355533612 0.0660081577879528 0.06341987410554 0.0615728250774896 0.0588455839687258 0.0560734826195256 0.0532800130649904 0.0504881079312533 0.0477197527644334 0.0449957030486541 0.0423351089039482 0.0397552411153386 0.0372712783406924 0.0347638007857657 0.0324886457341722 0.0303410162603325 0.0283266872779456 0.0264490761892454 0.0247626433539007 0.0231492870743312 0.0216722228783682 0.0203271442307636 0.0192208391192616
0.0511072035674481 0.0529704523589892 0.0549928752365851 0.0573596981610037 0.0596342322309123 0.0619826041893155 0.0643675494021202 0.0667485906389472 0.0690840123247977 0.0713328023226391 0.0734563523336946 0.0754196791923188 0.0771923172525815 0.0787487225059418 0.0800683447304836 0.0811354102627209 0.0819385536290706 0.0834373930525536 0.0837042625576901 0.0836889557374341 0.0833935737510553 0.0828227708239005 0.0827989057400052 0.0817045507097389 0.0803574556106618 0.0787709604540552 0.0769602364939021 0.0749422468078755 0.0727356284366741 0.0703605498389927 0.067838543538144 0.0651923063125977 0.0632506771120542 0.0604482498286349 0.057593574739646 0.0547112082797352 0.0518252511217037 0.0489589895460319 0.046134499658237 0.0433723021953805 0.040691018667051 0.0381071186186797 0.0356347105977809 0.0332853606780108 0.0309288615583059 0.028830575341591 0.0268748816021774 0.0251200108604159 0.0234404216411317 0.0219038711545577 0.0205059193939319 0.0193557940327226
0.0519625600551521 0.0538727642453131 0.0559644791318625 0.058181144814137 0.0605048956404042 0.0631164694537341 0.065557126100313 0.0679924564966355 0.0703804826744479 0.0726803021854921 0.0748536537142657 0.0768660884663887 0.0786876204856382 0.0802930894743524 0.0816620897364917 0.08277875717625 0.0836313350932031 0.0851991615776049 0.0855124260239632 0.0855408545390509 0.085285441706114 0.0847496634254259 0.0847785600000993 0.0837056503381118 0.0823718293733069 0.0807895895385355 0.0789734111251538 0.0769397462071321 0.0747069174374005 0.0722949908853662 0.0697256210150139 0.0670218562258789 0.0642078619446966 0.062106550952675 0.0591679158774937 0.0561946901053192 0.0532121865863295 0.050245036525622 0.0473167034773891 0.0444491413054247 0.0416624220288012 0.0389744039011844 0.0364004969230507 0.033953480187565 0.0302552148982247 0.0280909357647555 0.0260763532252721 0.0242134166743464 0.0237400292355515 0.0221418477086562 0.020816325236928 0.019493614032654
0.0528513577053049 0.0548094530052115 0.0569726121732852 0.0592440157246231 0.061623357547419 0.0640759462219585 0.0665625054507377 0.0692659102824638 0.0717036985223831 0.0740516952010193 0.0762722632819761 0.0783316425872592 0.0802005255832718 0.0818542147494197 0.0832724977235941 0.084439396090275 0.08534271254166 0.0869815614436841 0.0873436320417912 0.0874186598267629 0.0872064179106585 0.0867090962359672 0.0867948007629572 0.0857468461896548 0.0844297858404559 0.0828551213222975 0.0810365480947449 0.0789899239175616 0.0767331739615966 0.0742862156362495 0.0716707649498816 0.068910178018152 0.0660291096520031 0.0638226914114922 0.0607988782063779 0.0577329601923145 0.0546515121270937 0.0515805090065646 0.0485448974344285 0.0455681401454514 0.042671815696456 0.0398752961897037 0.0371953999826719 0.0333077996856576 0.0309004692816424 0.0286440085160067 0.0265437266860097 0.0246021302754642 0.0228190936507396 0.0211921360149287 0.0210052673458522 0.0196333481063235
0.0537726320575289 0.0557794220746866 0.058016049502286 0.0603417383907993 0.0627754208967842 0.0652811505943093 0.0678188560799946 0.070346540238292 0.0730496002052401 0.0754426301814632 0.0777076429303517 0.079811793121257 0.0817265578089028 0.0834277846222668 0.0848954733426676 0.0861135094081129 0.0870692112043405 0.0887813940193485 0.0891950248234525 0.0893198703105393 0.0891543570032568 0.0886992953885692 0.0888461053950393 0.0878270175442693 0.0865305421899711 0.0849671329595471 0.0831495746834638 0.0810930567856892 0.0788150338282715 0.0763352013155752 0.0736752897798862 0.0708588794856704 0.067911116541492 0.0648584414161656 0.0624889711998642 0.0593287242504584 0.0561460470039517 0.0529683224378531 0.0498220149392278 0.0467321658069234 0.043721973314779 0.0408123918186042 0.0367327081574981 0.0340756210851275 0.0315659761372909 0.0292130995430681 0.0270231948507992 0.0249993991755206 0.0231419871086609 0.0214486447868792 0.0199147679224918 0.018533852630779
0.0540703551926173 0.056124473934335 0.058341686632204 0.0606981187334658 0.0631618263283701 0.0656950461942229 0.0682567144632111 0.0713407303505599 0.0738695759120461 0.0763053994382195 0.078852213825113 0.0810098241835592 0.0842127368798743 0.0860170303060999 0.0875849245501949 0.0889000805253143 0.089949316709534 0.0907223822623358 0.0912115004389931 0.0914113786913077 0.0913189195368336 0.0909333426305811 0.0902561064855249 0.0892909977149734 0.0880442019676744 0.0865243771114844 0.0847426923533804 0.0827128876747033 0.0804512069527331 0.0779763352383858 0.0753092934878295 0.0724731999910511 0.070048913978844 0.0669067987295718 0.0636746769265716 0.0611331519205521 0.0578275688767419 0.0545187773481949 0.0512350246871216 0.0480032774960632 0.0448487547810504 0.0405528651043287 0.037308896227062 0.0345651437827283 0.0319718131156923 0.0295394896838727 0.0272754207876694 0.0254062296799489 0.0234709763605359 0.0217083023965224 0.020113573133284 0.0186800351774841
0.0550332643670743 0.0571339630043546 0.0593982393780836 0.0618006347839859 0.0643078031520753 0.0668811311488956 0.0694794114831516 0.0726170394028737 0.0751790670771781 0.0776476816572758 0.0799890235949359 0.082173213070856 0.0856881161481137 0.087535179246166 0.0891503381387914 0.0905170000417257 0.0916213816810812 0.0924521184354528 0.0930001853107488 0.0932587584417255 0.0932231829368561 0.0928909647122126 0.0922619705894673 0.0913384241236661 0.0901251092820165 0.0886293919195085 0.0868613803119813 0.084833966568343 0.082562748133122 0.0800660188985513 0.0773646660562713 0.0744819097494207 0.072023112379461 0.0688092274703652 0.0654946299008008 0.062831266025961 0.0594248893308944 0.0560082301776872 0.0526110564145698 0.049261987642341 0.0447907360140714 0.0416157094824435 0.0382468534562203 0.035386596573949 0.0326815681783697 0.030143711210806 0.0277814004787109 0.0258240711941443 0.0238070605807723 0.0219716814144594 0.0203133245071531 0.0188249894852371
