R/Data/side_v1_12_6.asc
NCOLS 365 
NROWS 740 
XLLCORNER 0.791666667335165 
YLLCORNER 6.2083333340009 
CELLSIZE 0.00833333332967033 
NODATA_value -9999 
[rows 138 to 160 of 740, columns 208 to 259 of 365]
0.00489150148858399 0.00493353847505178 0.00497463934005513 0.00501376658552603 0.00505133053340865 0.0050873169596308 0.00512176123341459 0.00515589924534838 0.00518782628390517 0.00521873193384283 0.00524890442131567 0.00527867428825618 0.00530838948805303 0.00533838197885144 0.00536892656440877 0.00554478179876081 0.00558876152003934 0.00563298150981825 0.00567696808380161 0.00571999588750547 0.00576106859630217 0.00579891554509873 0.00583200875487053 0.00585859906032808 0.00587677761849019 0.00588455336885107 0.00587995120710445 0.00587452144750306 0.00584006496339495 0.00578828524779244 0.0057183836108532 0.00563024014725866 0.00553415163371112 0.0054128580953989 0.00527999532110569 0.00504810910179363 0.00490973635771457 0.00478981412109304 0.0046667281841362 0.00455819277431013 0.00446681555142703 0.00439480073795106 0.00434485474071622 0.0043213404520346 0.00433178012580394 0.00438873921979404 0.00451149426465702 0.00473499276332369 0.00592530753923979 0.00635504792456971 0.00680811455376225 0.00716794544221374
0.00483529683073075 0.00487539621883928 0.00491417472288671 0.00495070550138144 0.00498538679717271 0.00501824966928704 0.00504938701155682 0.00508003260237701 0.00510848638986177 0.00513596465369666 0.00516284709541149 0.00518956058656519 0.00521655293891449 0.00524425748627958 0.00527304996223 0.00530320007439686 0.005489208853893 0.00553290973636912 0.0055772272411289 0.00562148416567109 0.00566470335920627 0.00570559866599071 0.00574258556416184 0.00577381562630962 0.00579723448253397 0.00581066401547032 0.00581190384804938 0.00581214446284509 0.00578315343172132 0.00573619887722473 0.00567016506237045 0.0055845905509347 0.0054894482478576 0.00536718260108372 0.00523152015830637 0.00499612918276723 0.00485283694863131 0.00472732035226473 0.00459912721231581 0.00448550680921229 0.00438874167607279 0.00431053918093211 0.00425299424217046 0.00421980413994028 0.00421792353419745 0.00425992094255751 0.00436687865793475 0.00457914638625085 0.00491129670068815 0.00537226215233757 0.00673865651615624 0.00715890488590387
0.0048017707964846 0.00484103956161754 0.00487817548718447 0.00491301966380277 0.00494544418202674 0.00497536346544319 0.00500274673706504 0.00502709084953146 0.00504961828131026 0.00506996955447332 0.00508842124442656 0.00510532077029696 0.00512106885873525 0.00513609241918676 0.0051508092000939 0.00516558459615829 0.00518068351467486 0.00537153213790694 0.00539698905387983 0.00542190416766056 0.00544568152456835 0.00546746595228227 0.00548614784917689 0.00550039070544992 0.00550868367826279 0.00550941829726234 0.00550098374149701 0.00548187568958688 0.00545080399475273 0.00540679057420143 0.00534925105033027 0.00527807722228148 0.00525161625771731 0.00515027419800967 0.00503930824013221 0.00483077467728534 0.00471468999221942 0.00460657936551177 0.0044999212357972 0.00440254866534487 0.00431590993505774 0.00424120300599338 0.00420240201377107 0.0041552375677418 0.00412847022294248 0.00412960226450581 0.00417139520357026 0.00428069949174819 0.00447690567777095 0.00478612274464815 0.00518475881308237 0.00554293666471619
0.00475633456487929 0.00479396071757085 0.00482927285578951 0.0048621219243978 0.00489240098509815 0.00492005551311581 0.00494509452269051 0.0049671017772406 0.00498727132677164 0.00500533968488663 0.00502164222945195 0.00503658688877729 0.00505063566400212 0.00506427725686566 0.00507799087724871 0.00509220277424542 0.00510723677848357 0.00513437560952903 0.00532142547061369 0.00534727474086347 0.00537262893603326 0.0053966312123615 0.00541814248277543 0.00543576540653739 0.00544789519872948 0.00545279719114555 0.00544871007081466 0.00543396336958204 0.00540710025560393 0.00536698554073806 0.00531288691330171 0.00524453267403106 0.00521989341401076 0.00511934850775031 0.00500792902126094 0.00479844969150522 0.0046804430814907 0.00456968717552743 0.00446070740627252 0.00436075422485994 0.00427106943612658 0.00419256731907791 0.00414855190151545 0.00409486997938606 0.00405937013974489 0.00404885216369433 0.00407564070666943 0.00416538450943604 0.00434510526819267 0.00465078187890765 0.00507711937672827 0.00548081574975636
0.00471654042599919 0.00475266793756063 0.00478635555774334 0.00481745882768431 0.00484588460909754 0.00487160062562219 0.00489464550579951 0.00491467680689941 0.00493285325084604 0.00494899317844995 0.00496347908963948 0.00497676835426119 0.00498937415327598 0.00500183808194227 0.0050146939123407 0.00502842371982538 0.00504340793366914 0.00507077791760751 0.0050887867207127 0.00528234122563527 0.00530912244338456 0.00533515409310649 0.00535927737976719 0.00538004272663454 0.00539575683136238 0.00540456217669476 0.00540454427947566 0.00539386311657434 0.00537089279840041 0.00533435187920665 0.00528339592784011 0.00521765386377838 0.00519480294963396 0.00509512166001085 0.00498335192476644 0.00477299200261546 0.0046533912932578 0.00454046505705212 0.00442969597657025 0.00432775893509626 0.00423570588901887 0.00415419773583839 0.00410581652224696 0.00404664330942436 0.0040034786742256 0.00398216722626118 0.00399399939676753 0.00406226654236549 0.0042188252623673 0.00450537222734614 0.00493520892907171 0.00537325788228989
0.00468220949769757 0.00471697467231215 0.00474921978504644 0.00477880161219836 0.00480563563757358 0.00482970510296098 0.00485107026096241 0.0048694511942903 0.00488596620325228 0.00490050275334269 0.00491348029611119 0.00492539550568165 0.00493680341785615 0.00494829008226402 0.0049604369415245 0.00497377680160387 0.00498874380093347 0.00501631983470472 0.00503527021199507 0.00505588373161961 0.00525489510292677 0.00528281560023894 0.00530938558649698 0.00533311073982523 0.00535221484457685 0.00536471627119933 0.00536854061231435 0.00536166340603226 0.00534227227251441 0.00530892894912901 0.00526069808920393 0.00519719307560723 0.00517594248987035 0.00507715706043763 0.00496517871341828 0.00475412432209463 0.00463340503191936 0.00451889424718265 0.00440692230233983 0.00430361703430077 0.00420989077298079 0.00412621493401595 0.00407446452505623 0.00401108651910152 0.00396181997859208 0.00393146939980535 0.00392997183452783 0.00397771154634192 0.00410924062481456 0.00436752417641515 0.00477195868959883 0.00520705414509878
0.00465315954160365 0.00468669651411219 0.00471767053917457 0.00474593770912778 0.00477141856966141 0.00479410682612197 0.00481407797488696 0.00483110523315952 0.00484626257272472 0.00485949564604967 0.0048712517400407 0.00488205792038695 0.00489250244446861 0.00490320814210199 0.00491479730342515 0.00492784869392552 0.00494284689164796 0.00497062682098656 0.00499045798209388 0.00501243997716326 0.0052097293228719 0.00523944746398229 0.00526835427974006 0.00529491985568303 0.00531728959084445 0.0053333573865369 0.00534087829855597 0.00533762035990143 0.00532154675222643 0.00529101627229242 0.00524497397412968 0.00518307547546836 0.00516291611038327 0.00506492983152755 0.00495294216799561 0.0047416046390573 0.00462046431618962 0.0045050509902848 0.00439244943504851 0.00428832363163946 0.00419353845221653 0.00410846709014035 0.00405434691896621 0.00398811237196722 0.00393452703393927 0.00389740326429094 0.00388522697137561 0.0039154744322832 0.00402444689065131 0.00425521702299267 0.00463319324985892 0.00505749704866472
0.00462786047878514 0.0046605154293226 0.00469284059659924 0.00472043828204233 0.00474531144865437 0.00476747141432303 0.00478701504258893 0.00480326177851397 0.0048184236656331 0.00483189907704403 0.00484417774005323 0.00485583106847568 0.00486749339075309 0.00487983488953059 0.0048935259280294 0.00490919282717335 0.00492736535346851 0.00494841761717203 0.00497250362611258 0.00499949210256518 0.005028904403707 0.0052352372799106 0.00527053335324589 0.00530382514699666 0.00533298264809675 0.00535554510254647 0.00536884290159619 0.00537016851742493 0.00535699110089562 0.00532720625587538 0.00527940653915553 0.00521316176136549 0.00497638130543962 0.00489308834546653 0.00479939328247796 0.00460839130241209 0.00450723906593678 0.00440751014288703 0.0043115717172851 0.00422109318810967 0.00413711434374104 0.00406024669050079 0.00399095258041976 0.00392989229014577 0.00387842631901139 0.00383956158877925 0.00382013882577335 0.00384427919679539 0.00392497003204911 0.0041115842461325 0.00442406804685983 0.00478705465756059
0.00460889301557375 0.00464059027529008 0.00467187788710702 0.00469852634520783 0.00472245818489413 0.00474368865920318 0.00476232107919422 0.00477773796381261 0.00479204205077581 0.00480470459634838 0.00481622871249341 0.00482720190873385 0.00483827809253171 0.00485015204855496 0.0048635252453209 0.00487906294207058 0.0048973426663788 0.00491879480858605 0.00494363671143356 0.00497180377843722 0.00500288139510755 0.00503604420234255 0.00524631344406951 0.00528245555525515 0.00531495556296607 0.00534123506931312 0.00535843939818097 0.00536360575025242 0.00535388038639138 0.00532677209359187 0.00528043533690399 0.00521401557936164 0.00497565155149185 0.00489073562068246 0.00479859418262631 0.00461082156465371 0.00451183401324129 0.00441295568503792 0.00431706775767689 0.00422625865145086 0.00414180971472241 0.00406443541687969 0.00399459111984514 0.00393281573834744 0.00388016705116561 0.00383897062767855 0.00381459999230829 0.00382946942201069 0.00389492322207327 0.00405659549972754 0.00432646393547597 0.00464838270833862
0.00459465671968221 0.00462553898997649 0.00465595921966873 0.0046818409555813 0.00470503299734308 0.00472555261306332 0.00474350664685602 0.00475833448165165 0.00477203098180301 0.00478413147576081 0.00479514667854292 0.00480567394421751 0.00481638057351413 0.00482797995971889 0.00484119912956133 0.0048567378072835 0.00487521786244448 0.00489712463097584 0.00492273950422051 0.00495206808690924 0.00498476622384728 0.0050200708186279 0.00505674393460742 0.0052699257317509 0.00530588386103662 0.00533605518399274 0.00535741638063113 0.00536676274966244 0.0053609247470403 0.00533701787349607 0.00529269364672172 0.00522635377451403 0.00498545129579424 0.0048927497390293 0.00480550238780286 0.00462389973749377 0.00452691017037807 0.00442819351593993 0.00433174854554772 0.00424017776580168 0.00415500742127238 0.00407704860009492 0.00400675348330988 0.00394456703565398 0.00389132216636018 0.00384883076857167 0.00382117954767152 0.00382828862931279 0.00388037657253141 0.00401890246021357 0.00424895205010532 0.00453138166030769
0.00458497354105842 0.00461518727868593 0.00464490919991847 0.00467020280145089 0.00469284953284885 0.00471286741555983 0.00473036467423694 0.00474483212840561 0.00475815891418254 0.00476993672043469 0.00478067894487752 0.00479098745496989 0.00480153757854806 0.00481305586706442 0.00482629000949897 0.00484196979312522 0.00486075844280003 0.0048831945008659 0.00490962416893851 0.00494012635639932 0.00497443348028795 0.00501185405119538 0.00505120556558909 0.0050907684921063 0.00530587561811992 0.00534020053569414 0.00536608710538491 0.00538012384713602 0.00537887832755327 0.00535916928661838 0.0053183555144118 0.00525460554390113 0.00501664876617826 0.00492540719490976 0.00483708263213236 0.00465351587417218 0.00455487286903878 0.00445435336018482 0.00435614239566705 0.00426300440058966 0.00417655926952508 0.00409763923142221 0.00402664968151672 0.0039639188629857 0.00391006723463944 0.00386651330240871 0.003836490071955 0.003837613470356 0.00387871708404048 0.00399708627941477 0.00419289084670322 0.0044397046340707
0.00457966509492898 0.00460935987945877 0.00463855184455395 0.00466343301259157 0.00468572351910054 0.00470544141464276 0.00472269469210516 0.00473702105298176 0.00475020642322338 0.00476189225253305 0.00477259036479464 0.00478290273240318 0.00479350789876195 0.0048051409461996 0.00481856560725102 0.00483453775133671 0.00485375892032778 0.00487681925274432 0.00490412994888623 0.0049358459938233 0.00497178227430332 0.00501132805058306 0.00505336836433802 0.00509622442897774 0.00513762637001872 0.00535378028368667 0.00538461881167251 0.0054039250485713 0.005408058096094 0.00539363855576697 0.00535793811492433 0.00529936763461431 0.00506961153655869 0.00498651820250314 0.00489307636644498 0.00470037288499528 0.0045963895381737 0.00449195756832391 0.00439061031244245 0.00429493044718831 0.00420647707538953 0.00412602271116869 0.00405387445392386 0.00399020602719526 0.00393540276375337 0.00389051185125834 0.00385813364353455 0.00385485174808798 0.00388754067138197 0.00398905488438476 0.00415691064527004 0.0043729070180348
0.00458727305256376 0.0046152580272339 0.0046503294598769 0.00467334103730183 0.00469338083605631 0.00471035062272603 0.00472422142424263 0.00473503774141895 0.00474292005089776 0.00474806531069063 0.00475074512027129 0.00475130113132467 0.00475517546972949 0.00475609097881991 0.00475686055936729 0.00475806608141329 0.0047602811545606 0.00476617848780284 0.00477450531115258 0.00478559346647156 0.00479959714594329 0.00481641588738106 0.00485210773203644 0.00487177256646026 0.00489168146368482 0.00491031157656695 0.00510775555526043 0.00516765899215899 0.00517140351957346 0.00516386216665909 0.00514320395467995 0.00510845221042842 0.00508057826341669 0.00501182338710722 0.00493049546601276 0.00474656877522768 0.00465093747348088 0.00460129952988101 0.00450661024690944 0.00441410849438932 0.00432584655564206 0.00424332029981168 0.00418321862929926 0.00411328415617588 0.00405225083759029 0.00400146285902575 0.00396365715149041 0.00390755203982002 0.00393240714937702 0.00401384635403442 0.00414500831424409 0.00430995922910418
0.00458942951830324 0.00461720632112534 0.00465183428758226 0.0046747863874201 0.00469486335465562 0.00471197309726311 0.00472609182410434 0.00473726787884341 0.00474562403433017 0.00475135797393408 0.00475474060564496 0.0047561121383333 0.00476077406124724 0.00476257171540243 0.00476431717607877 0.0047666031051242 0.0047700224030512 0.0047770625258528 0.00478683391523105 0.00479961361343701 0.00481562489730698 0.00483484331499993 0.00487343301182288 0.00489656996471387 0.00492051024391575 0.00494373161855348 0.00496430438133488 0.00521560832870323 0.00522590056663356 0.00522510024917299 0.00521110933221179 0.00518251181774605 0.00515829548431414 0.00509133636747911 0.00500880273666087 0.0048202159379456 0.00471961672487112 0.00466684092171726 0.00456745024061495 0.00447071152494681 0.00437875220728992 0.00429308887447053 0.00423039506342365 0.0041583355477636 0.0040956218994798 0.00404362532981021 0.00400534064346112 0.00394786447406997 0.00396863722721067 0.00403799267484256 0.00415261248296908 0.00429970606401747
0.00459544094124878 0.00462316069778579 0.00465752713205604 0.00468058618300317 0.00470087418444049 0.0047183048393981 0.00473285865119969 0.0047445864512346 0.00475361155044636 0.00476013022265479 0.00476441040750202 0.00476678836341879 0.0047724425348478 0.00477530995054169 0.00477820846603112 0.00478173919169032 0.00478651258087464 0.00479485659740209 0.00480619707851611 0.00482077822614943 0.00483889627423978 0.0048606092530689 0.00490218483136248 0.00492891013692468 0.0049570290944334 0.00498503197849226 0.0050109474119726 0.00508116705244874 0.00529049967614342 0.00529666875459603 0.00528930748454833 0.00526640901925024 0.00524512736715794 0.00517959534600517 0.00509630339228259 0.00490390875980167 0.00479903180756625 0.00474329199990226 0.00463895907884126 0.00453753856254242 0.00444137723075573 0.00435210762973124 0.0042865457196943 0.00421218828640734 0.00414789117602162 0.00409514886502782 0.00405714756605325 0.00399827471788093 0.00401573192056354 0.00407495832425705 0.00417496153214632 0.00430591054044099
0.00460508563018381 0.00463289715046242 0.0046671791464428 0.00469050816245874 0.00471117741793426 0.00472910638611288 0.00474427935296008 0.00475674872104114 0.00476663704724607 0.00477413760488016 0.00477951350772385 0.00478309506452501 0.00478995182894695 0.00479408832420009 0.00479833242952546 0.00480329131284343 0.00480959082732189 0.00481942149340356 0.0048324826049305 0.00484900352217331 0.00486935590608052 0.00489368572589593 0.00493836050306446 0.00496881075294763 0.00500127075772996 0.00503425372034317 0.00506575278345796 0.00514235150119135 0.00536485315338397 0.00537815107391826 0.0053774142659999 0.00536004184195771 0.00534160749918979 0.00527761066103493 0.00519395308965192 0.00499822618248643 0.00488957077374514 0.00483109520324814 0.0047217426159287 0.00461535078189904 0.00451460176664411 0.0044213416084336 0.0043526860166601 0.00427587082672192 0.00421000537647022 0.00415667316006295 0.00411900717181927 0.0040580465421442 0.00407256721837594 0.00412349805285932 0.00421093399546119 0.00432747262877193
0.00461811940147911 0.00464616724053486 0.00468053568175904 0.00470429299831698 0.00472550916517866 0.00474410962013462 0.00476008227878998 0.00477348060817729 0.00478442554266357 0.00479310623857681 0.00479977958569365 0.00480476837050766 0.00481304453219327 0.00481866150595848 0.00482445941793429 0.00483104914124025 0.00483906964000499 0.00485059223737444 0.00486555324306023 0.00488418139752356 0.0049069253040692 0.00493402264998357 0.00498193676574592 0.00501627166200684 0.00505325452158343 0.00509143291524669 0.00512877266343767 0.00521208742174559 0.00523904823061788 0.00546942452478103 0.00547546886393952 0.00546375548462479 0.00553181874738174 0.00546304822327492 0.00537102876467216 0.00526010446570186 0.00499203799673318 0.00493102282437267 0.00481663961270099 0.00470507451140051 0.00459942590801386 0.00450183443516627 0.0044298536554344 0.00435035770957385 0.00428277358941988 0.00422869572838834 0.00419101254753774 0.00412711891626521 0.00413883624637143 0.00418280645955952 0.00425949262500511 0.00436327498929569
0.00464894038426572 0.00467770068622066 0.00470433932184703 0.00472867574084575 0.00475057845837785 0.00476996950740484 0.00478682798935579 0.00480119258178907 0.00481316298489992 0.00482290034334644 0.00483062668201893 0.00483662328108593 0.00485974871980331 0.00486433778482228 0.00486837503790206 0.00487231866596612 0.00487665143554516 0.00489680675660157 0.00490379851580254 0.0049125195527213 0.00492332885603218 0.00493647900259262 0.00495359808503714 0.00497254632735741 0.0049935832046996 0.00501603587059353 0.00503889244851787 0.00506079545974517 0.00508007070868632 0.00509479761217587 0.00541582323134223 0.00542030324396209 0.00541424551247864 0.00539612733783478 0.00536489789558902 0.00532017626473138 0.00526242386836726 0.00506649476884474 0.00499964285476066 0.00492616731711885 0.0048487109556694 0.0047700138034267 0.00469617292838979 0.00462195998674449 0.00455487952523561 0.00449786675841814 0.00445433213904689 0.00437399013939739 0.00437162941753066 0.00439095486299346 0.00442858822335437 0.00447829868441269
0.00466745592716128 0.00469669335210542 0.00472392289019564 0.00474897644519373 0.0047717330018514 0.00479212270702699 0.00481013004934317 0.00482579613531503 0.00483922005324022 0.00485055948158892 0.00486003046985598 0.00486790658554485 0.00489256252225941 0.00489928155380741 0.00490557255520108 0.00491189470702738 0.00491873843305507 0.00494132057981991 0.00495118841496004 0.00496300927533241 0.00497719398432908 0.00499405811174949 0.00501513529533369 0.00503867064335673 0.00506484778306836 0.00509303587760934 0.00512222372878861 0.00515099377979779 0.0051775332761489 0.0051996942199735 0.00552680021051757 0.00553828079573454 0.00553826339948038 0.0055248681605377 0.00549680667260224 0.00545361755758033 0.00539583432280071 0.00532500387726905 0.0051338475842606 0.00505618360526146 0.00497420713530446 0.00489101978029135 0.00481258855549814 0.00473480886326161 0.00466486707083074 0.00460567332462313 0.00456033844766814 0.00447518698209433 0.00446968740740928 0.00448433600210321 0.00451622441294862 0.00456001462403311
0.00468846130998783 0.00471829488138802 0.00474624071899552 0.00477214431008127 0.00479589609543007 0.00481743511586646 0.00483675183776881 0.00485389017991246 0.0048689488223016 0.00488208193323019 0.00489349939338749 0.0049034666076646 0.00492989140136891 0.00493896590167651 0.00494774222873747 0.00495667902803095 0.00496627266139091 0.00499152211300938 0.00500450292688569 0.00501965963118262 0.00503745536335976 0.00505827105587918 0.0050835603132807 0.00511194128250705 0.00514354262831962 0.00517778972332819 0.00521368821944514 0.00524977670653846 0.00528411750426661 0.00531434322236177 0.00564767954587007 0.00566694761944609 0.00567381600855955 0.00566600712203505 0.005641936798865 0.00560099621262642 0.00554373365773517 0.0054718615432668 0.00538807140758312 0.00520159561752135 0.00511497138771525 0.00502704293773444 0.00494361796314558 0.00486185053798247 0.00478853645705672 0.00472653720839424 0.00467866847197031 0.00458793488377727 0.00457880765491155 0.00458859368637209 0.00461468470800796 0.00465242386578469
0.00471155724652921 0.00474209131801239 0.00477086463569604 0.00479773750271394 0.0048226129382671 0.00484543987362801 0.0048662155905123 0.00488498753045326 0.00490185448295625 0.00491696748372011 0.00493053038913358 0.00494280039159353 0.00497123512743147 0.00498289795968706 0.00499440245304487 0.00500620531331189 0.00501880719854402 0.00504698766199945 0.00506334516985344 0.00508210355261732 0.00510377825872596 0.00512881726079105 0.00515860764494142 0.00519212994910755 0.00522947892725136 0.00527015241621777 0.00531319255402299 0.00535711481286642 0.00539987532917314 0.00543889873127445 0.00547118653647988 0.00580664398989504 0.00582139893437441 0.00582019039350668 0.00580106975142514 0.00576320874964717 0.00570711165922881 0.00563462242622435 0.00554871329842747 0.00536357210809709 0.00527216612560592 0.00517921474284677 0.00509032041779983 0.00500406513268546 0.00492677542722535 0.00486126179191976 0.00481007382715056 0.00471297509259244 0.00469965694566561 0.00470426421094407 0.004724382521322 0.00475587361922008
0.0047362924850354 0.00476761344984714 0.00479730789798322 0.00482525228242092 0.00485136345426599 0.00487560141114348 0.0048979713519608 0.00491852518912141 0.00493736270082085 0.00495463249178306 0.00497053297135683 0.00498531343068671 0.00501599769317097 0.00503048471665329 0.00504496709121611 0.00505989848486633 0.00507578220913895 0.00510717692994421 0.00512719846751121 0.0051498517221703 0.00517570391232928 0.00520527138145432 0.00523988744713985 0.00527888515211271 0.00532234666323389 0.00536986014583485 0.00542052656109976 0.00547286314943709 0.00552474271494483 0.00557339760893229 0.00561551571034271 0.00595758293410661 0.00598138128864503 0.00598794483154287 0.0059748809556693 0.0059410614454308 0.00588688190169991 0.00581428061604801 0.00572650357477977 0.00562768718185694 0.00544690184468129 0.00534861219671531 0.0052537013191233 0.00516238704251055 0.00508044178354754 0.00501063808780727 0.00495530133966404 0.00485104559235512 0.00483290116530392 0.00483189846684157 0.00484574989568221 0.00459035539718323
0.00476508228555522 0.00479730457942718 0.00482805075370151 0.00485721496756431 0.0048847292247152 0.00491056559343491 0.00493473783266046 0.0049553773618935 0.00497634401884509 0.00499594139325433 0.00501436113169664 0.00503184266729436 0.00504867531524644 0.00506520080974155 0.00508181613497351 0.00509897611478728 0.00511719497816987 0.00513704561659117 0.00515915464010168 0.00518419042640352 0.00521284098432954 0.0052457771490654 0.00528359674825759 0.00532674530326505 0.00537541122683791 0.00542939658875652 0.00548797201040281 0.00554973329779383 0.00561248841289489 0.00567321416819007 0.00572812561583904 0.00607923381426623 0.00611525827168867 0.00613239230645004 0.00612750449365265 0.00609898202399678 0.00604707910171423 0.00597394891870727 0.00588334346834117 0.0057800780233992 0.00566941927005034 0.00549420914256377 0.00539167792875924 0.00529543243990176 0.00520915805564417 0.00513558553736076 0.00507684949949071 0.00506345917132344 0.00503601700607257 0.00502403578863583 0.00474416765463009 0.00475304359171208
