R/Data/side_v1_12_6.asc
NCOLS 365 
NROWS 740 
XLLCORNER 0.791666667335165 
YLLCORNER 6.2083333340009 
CELLSIZE 0.00833333332967033 
NODATA_value -9999 
[rows 115 to 137 of 740, columns 208 to 259 of 365]
0.0161980602666737 0.0165123169177027 0.0167672207262539 0.0171454839475705 0.0173007900074356 0.0174058746308213 0.0174646339302029 0.0174804125145052 0.0174560263934871 0.017393889506024 0.0172961518004455 0.0171648314337658 0.0170019168379886 0.0168094469968268 0.0185747235647381 0.0183492505507296 0.0181021451817768 0.0178360410756344 0.0175537090392321 0.0172580300885697 0.0169519644084933 0.0166385084310787 0.0163206519169387 0.0160013352796063 0.0156834035809447 0.0153695666601065 0.0150623638959041 0.014764127955748 0.0144769580551475 0.0142026950558786 0.01394290012796 0.0142679291608376 0.0141149677583512 0.0139402346536592 0.0137828708806084 0.0136427681622328 0.0135194558666208 0.0134737185974489 0.0133770609359538 0.0132938434416908 0.0132221711349983 0.0131598408561393 0.0131219329474779 0.0130697626341266 0.0130191495726601 0.0129674573157435 0.0129123314808804 0.0128656291197926 0.0127973107902273 0.0126864536867686 0.0126066514593174 0.0125249473411025
0.0138461298599271 0.0142244439435746 0.01456603494583 0.0148610346868281 0.0152958771831055 0.0155067452776225 0.0156702692502086 0.0157884408179011 0.0158633674818544 0.015897109938294 0.0158916543475326 0.0158489439046519 0.0157709306278407 0.0156596290477303 0.0155171595851508 0.0173048332263111 0.0171271168119463 0.0169263016395977 0.0167051576151274 0.0164665790345823 0.0162135542617683 0.0159491290395796 0.0156763668231156 0.0153983055643801 0.0151179158330043 0.0148380597880789 0.0145614556357106 0.0142906405912123 0.0140279433651809 0.0137754567933896 0.0135350130510321 0.0133081611406457 0.0131317106161136 0.0135574709498019 0.0134116168107031 0.0132821443852495 0.0131688743783655 0.0131319651656429 0.0130451183734294 0.0129717815126377 0.0129101817643236 0.0128581673788286 0.0128307554200714 0.0127893030396551 0.0127492650824537 0.0127076749429733 0.0126617578264298 0.0126232241945364 0.0125608800400129 0.0124898503870963 0.0123667741516336 0.0122831101949571
0.0119676421255552 0.0123768819819628 0.012765329856248 0.0131181918938217 0.0134282193179385 0.0138905706901015 0.0141256902769889 0.0143165448541882 0.0144643164537447 0.0145704232345995 0.0146363852978478 0.0146637913130024 0.0146543055724055 0.014609696092617 0.0145318645155602 0.014422870662382 0.0162196405385254 0.0160755178685964 0.0159080951873131 0.0157201626483653 0.0155146284033761 0.0152944884665134 0.0150627834413933 0.0148225615355056 0.0145768360127399 0.0143285450705394 0.0140805142221849 0.0138354221363599 0.0135957701311078 0.0133638513253119 0.0131417276190057 0.0129311989297145 0.01276863429916 0.0125831493712313 0.0124128996735289 0.0129325647908384 0.0128289068913992 0.0128004775892584 0.0127232232424992 0.0126596951063457 0.0126082724926291 0.0125668874309316 0.0125505091597331 0.0125206026726073 0.0124922554164218 0.0124621693414179 0.0124271237280734 0.0123986653721606 0.0123442937408066 0.0122789286717067 0.0121512664872886 0.0120673303433678
0.0104761445303057 0.0108965357012059 0.0113048021629755 0.0116855178477102 0.0120303315876802 0.0123350494174508 0.0128054395640483 0.0130443288351539 0.0132425715923396 0.0134008426237548 0.0135200490580467 0.0136012634476987 0.0136457053859216 0.0136547505012099 0.0136299473111486 0.0135730339237841 0.0134859481553486 0.0152823348161166 0.0151615928700873 0.0150181773399682 0.0148548299016039 0.0146744076772088 0.0144798493907664 0.0142741352780715 0.0140602466123896 0.0138411274243108 0.0136196458951879 0.013398561777225 0.0131804927253384 0.0129678856428356 0.0127629869204352 0.0125678156308039 0.0124182958227424 0.0122453164399879 0.0120864763053918 0.0119425903011952 0.0118140802775033 0.0124783564253137 0.0124102850489079 0.0123562884348409 0.012314931206171 0.012284267774663 0.0122792401851005 0.0122615035377371 0.0122457859966798 0.0122284703149196 0.0122058770159185 0.0121893819263164 0.0121450301253518 0.0120874499160705 0.0120163812066439 0.0118755704452107
0.00930446643733773 0.0097225965559249 0.0101312055681251 0.0105176120929611 0.0108743652668059 0.0111971265465196 0.011483464341838 0.0119508267776683 0.0121811104322872 0.01237461203993 0.0125315855794891 0.0126525203644932 0.0127381137278766 0.0127892693684924 0.0128071029526778 0.0127929545738935 0.0127483936921334 0.0126752198807423 0.0144643467356947 0.0143596953409606 0.0142335175864356 0.0140884652240229 0.0139273058251743 0.0137528841983406 0.0135680854446883 0.0133757953893569 0.013178865602148 0.0129800796412186 0.0127821197965562 0.0125875390654559 0.0123987287189815 0.0122178905420407 0.0120805006130586 0.0119191469377348 0.0117708920461236 0.0116368361051097 0.0115176932617465 0.0114717661271073 0.0121053167684461 0.0120603691953591 0.012028744233438 0.0120086615664421 0.0120150603971466 0.0120098864970918 0.0120075271142374 0.0120040742913326 0.0119953933671853 0.0119926941681466 0.0119604323415869 0.0119128561371413 0.0118490122601118 0.0117056759729669
0.00834870261678878 0.00874436390181729 0.00915200267268631 0.00952080454242022 0.00986532751545026 0.0101816137349367 0.0104670127308071 0.0107361545243429 0.0111877960878197 0.0113946796896574 0.0115683851193156 0.0117089300176433 0.0118165894940746 0.0118918857518975 0.0119355886782365 0.0119487179164151 0.011932543552673 0.0118885827815203 0.0118185876839706 0.0135901853399677 0.0134928379948888 0.0133763224088593 0.0132432074864589 0.013096158706077 0.0129378996704346 0.0127711787386267 0.0125987332157306 0.0124232595101881 0.0122473827203987 0.0120736295662318 0.0119044007806841 0.011741941461941 0.0116283971109505 0.011483474755682 0.0113507814897816 0.0112316135426947 0.0111269035744704 0.0110715498968123 0.010995136643708 0.010933380426681 0.0116488093818702 0.0116449307350519 0.0116510846442229 0.0116644607908858 0.0116816138880973 0.0116985252819568 0.0117107585072618 0.0117137478759978 0.0117032386869986 0.0116758547986924 0.0116297046414044 0.011564871925978
0.00768749664681621 0.0080507049466351 0.00842634644282774 0.00877172376308903 0.00909921838623738 0.00940494652732649 0.00968595450446438 0.00995402010357934 0.0101805055084211 0.0106234288019427 0.0108119292923395 0.0109706835688439 0.0110994560753881 0.0111982871556504 0.0112674907717949 0.0113076545930911 0.0113196382955974 0.0113045675864978 0.0112638253470669 0.0111990317107314 0.0129546292186375 0.0128650264241567 0.0127578484108872 0.0126355371495113 0.0125006280758762 0.012355718040118 0.0122034343846349 0.012046404319557 0.011887229356031 0.0117284571344102 0.0115725554742583 0.011421883123606 0.0113179256606457 0.0111823027801399 0.0110579575898409 0.0109464547705464 0.0108490166707173 0.0108003459636639 0.0107314281827007 0.0106776797891983 0.0106384194331351 0.010612355575414 0.0113958723843541 0.0114212882647603 0.0114519584905397 0.0114837021556302 0.0115117188292343 0.0115308561023605 0.0115360674797369 0.0115230501691248 0.0114889746749185 0.0114331259199942
0.00720951160988711 0.00752567709835655 0.00785955717333602 0.00817276294675711 0.00847483853648293 0.00876158581166365 0.00902967374189986 0.00928846431372483 0.00951278142501424 0.0095196539022532 0.00968941242345314 0.00983203120695272 0.0104589870376407 0.0105742507017059 0.010662293388589 0.0107232934229399 0.0107577129434235 0.0107662928003667 0.0107500413165143 0.0107102205398533 0.0124509628398054 0.0123848350484935 0.0123005716661331 0.0122003557427663 0.0120864959802805 0.0119613984397825 0.0118275367187888 0.0116874274676443 0.01154360524438 0.0113985988541464 0.0112549062512334 0.0111149664877928 0.0110195611078188 0.0108922242606051 0.0107752143681726 0.0106703576352434 0.0105791651787157 0.0105361118242951 0.0104736717311451 0.0104269530642718 0.0103955872350092 0.0103785750869042 0.0103742139023874 0.0103800171232088 0.0112240114952776 0.0112708323703058 0.011315334964141 0.0113518099342189 0.0113744020905973 0.0113778144141513 0.0113581721978481 0.011313842787779
0.0068633007797003 0.00712813584428844 0.00741669342642056 0.00769362206986937 0.00796578549713103 0.00822857006986784 0.00847829405202154 0.00872231602862287 0.00893838197784102 0.00894297975689029 0.00911360782836709 0.0092609340946063 0.00938399219059571 0.00948212507772062 0.0101149040966352 0.0101914617838889 0.0102433732087024 0.0102710148416633 0.0102750357425826 0.0102563428553136 0.0102160853781238 0.0119346450515634 0.011870516925188 0.0117899496199972 0.0116949959724604 0.0115878361944815 0.0114707547630004 0.0113461193588696 0.0112163590112863 0.0110839455891443 0.0109513708101056 0.0108211225395969 0.0107332341696135 0.0106131528764292 0.0105024323768743 0.0104031519047334 0.0103171093493936 0.0102785139719232 0.010221415757277 0.0101806012945448 0.0101560452488491 0.0101470845115141 0.0101523274860393 0.010169543739408 0.0101955427500311 0.0110577485468228 0.0111191044487749 0.0111737905503823 0.0112151402801942 0.0112368048996976 0.0112337643602757 0.0112033616059106
0.00660358633490101 0.00682189304260509 0.00706725716256028 0.00730792627384247 0.00754898890379032 0.00778566998781193 0.00801411584302762 0.00824010324709197 0.0082563122154019 0.00844133950727454 0.00860831372589226 0.0087556923037085 0.0088822414502255 0.00898702410183079 0.00906939266213641 0.00912898291665279 0.00916570799960215 0.00981593952885492 0.00983653818042169 0.00983556688552639 0.0098138371796693 0.00977238649652407 0.0114667353771356 0.0114035731743764 0.0113255470993044 0.0112345850376789 0.0111327512903493 0.0110222301938332 0.0109053107753216 0.0107843716603112 0.0106618651130744 0.0105402948568579 0.0104589068263476 0.010345051479589 0.0102395615469771 0.010144758208983 0.0100627227204217 0.0100273560189438 0.00997437066525787 0.00993821194879918 0.00991922389718888 0.00991711872754571 0.00993087390740229 0.00995859285370099 0.00999733468376443 0.0100429470159863 0.0100899773231827 0.0109941826880672 0.0110553158661821 0.0110967117542551 0.011112096458569 0.00820583183255219
0.00639207756905446 0.00657107026971126 0.00676658055519396 0.00697109382986486 0.00717917511994176 0.00738627079249465 0.00758861827808489 0.00778305948603404 0.00777929518222613 0.00794833635948989 0.00810268407801991 0.00824071373795368 0.00836108699509439 0.0084627397947419 0.00854487389513214 0.00860695089701561 0.00864868502909593 0.0086700345562188 0.00867119208528354 0.00933247984469937 0.0093220704294301 0.00929312194131023 0.00927536933158197 0.0109414492333191 0.0108765168814782 0.0107985182118794 0.010709300276431 0.0106312098945512 0.010525363476948 0.0104145352080093 0.0103011310539252 0.0101876583757124 0.0100766956839791 0.00997084878627958 0.00987268807031054 0.00978467133841601 0.00970905727147339 0.00966025598905091 0.00961452512416314 0.00958599181181563 0.00957537971023071 0.00958286332106557 0.00960796771829537 0.00964940964114301 0.00970486898915699 0.00977070850568574 0.00984171137589198 0.00992235075366805 0.00757422000596987 0.010902168608946 0.0109425800581154 0.00813265744655242
0.00616118302584451 0.00637359510595227 0.00653862214584494 0.00671401258301769 0.00689508179370612 0.00707776488293191 0.00725858283691238 0.00743453799857337 0.0074148799753043 0.00757227666536774 0.00771808864392567 0.00785064044626636 0.00796850889453122 0.00807051289121288 0.00815570595619651 0.00822337060833718 0.00827301224571335 0.00830435146786466 0.00831731663237993 0.00831203489093208 0.00828882360481262 0.00896650486664198 0.00896185838699475 0.0089143818431686 0.0105531545764339 0.0104881221075967 0.010411250873092 0.0103439370122007 0.0102485776119164 0.0101470258374293 0.0100415864893979 0.00993472654622802 0.00982904833963781 0.00972724946295349 0.00963205672484043 0.00954614225445546 0.00947202551945033 0.00942418260219885 0.00937967189240383 0.0093527211348509 0.00934443626734965 0.00935541436802086 0.00938564789201296 0.0094343549740858 0.00949970879436066 0.00957847281733835 0.00966560887327442 0.00976571001154181 0.00750787976584836 0.00752162441591198 0.00750776688957188 0.00809837982352758
0.00599888257440613 0.00611861735936444 0.00625058464984436 0.00649787726581023 0.00665506010798191 0.00681543610152849 0.00697594629937539 0.00694563294847516 0.00709776336358866 0.00724282493177595 0.00737895290965935 0.00750450553774176 0.00761805282214649 0.00771836921964647 0.00780442686519039 0.00787539066880865 0.00793061157325029 0.00796962104407467 0.00799212485957014 0.00799799712077557 0.00798727659540348 0.00796016368834177 0.00794294093148669 0.00788497847536773 0.00858614213587411 0.0101962726814933 0.0101305910555109 0.0100730505976582 0.00998722904894917 0.0098940716370575 0.00979575240538729 0.00969466775972272 0.00959341799049278 0.00949477014423119 0.0094015904662909 0.0093167540339615 0.00924303281561505 0.00919497591411469 0.00915040128250313 0.00912364994917547 0.00911620796895992 0.00912910505565341 0.00916283398610877 0.00921717969617352 0.00929091416171541 0.00938134380501372 0.0094837631059561 0.00738391271488693 0.00743821186520372 0.00747420709428756 0.00748143716851483 0.00717928828117235
0.00585404864549697 0.00595681903478274 0.00607001050648967 0.00619077678297676 0.00631628023415391 0.00659011964783019 0.00673200604567208 0.00668281318745625 0.00682049688151021 0.00695316851273554 0.00707911058169412 0.00719678180117133 0.00730481059203579 0.00740198895345319 0.007487267357934 0.00755974823333945 0.00761868055623641 0.00766345385853834 0.00769359344717198 0.00770875664193548 0.00770873384928007 0.00769344927451093 0.00768761881932612 0.00764291929548355 0.00758340733112424 0.00750963482937172 0.00754814844025401 0.00981819477974441 0.00974105477300763 0.00965549349447375 0.0095635267808222 0.00946745221743092 0.00936984172803029 0.00927350958178053 0.00918144640800304 0.00909671822352896 0.00902234173281127 0.00897294373746799 0.00892706020030415 0.00889914934687663 0.00889106553404313 0.00890426969567522 0.00893977586387332 0.00899799487617328 0.00907840674381775 0.00917901819052943 0.00718617406966539 0.00728731979595314 0.00736404694266974 0.00742366409388712 0.00717953314645706 0.00717193498119955
0.00572254942155951 0.00581218833514927 0.00591037074580821 0.00601514746233069 0.00612435292269025 0.00623591631172363 0.00634786225264687 0.00645279283017634 0.00657686844035524 0.00669752932867128 0.00681325136391676 0.0069226427978949 0.00702444024219152 0.00711750424176488 0.00720081282291492 0.00727345545339032 0.00733462579362752 0.00738361542413347 0.00741981006619949 0.00744268744742558 0.00745182035861351 0.00744688362857766 0.0074511493470184 0.00741839846606172 0.00737115489673087 0.00730965566106952 0.00735561949554207 0.00729157714263009 0.00719763380474222 0.00943109570460054 0.00934479501368657 0.00925304304842483 0.00915835727143777 0.00906357796385675 0.00897180435720078 0.00888628522076527 0.00881027537313904 0.00875847979854238 0.0087101130701174 0.00867974571437307 0.00866957774877315 0.00868148603978101 0.00871701343313638 0.00877724592892453 0.00886248143279093 0.00696622536311738 0.00706247485696236 0.00718463167225901 0.00728460213366607 0.0073692448954722 0.00715141018444411 0.00716400848409489
0.00558177623458819 0.00565750629296193 0.00574946668381747 0.0058395526093284 0.00593341007907982 0.00602958326504304 0.00612667983781295 0.00622340938197305 0.00633635234026502 0.00644620520686363 0.00655367270209395 0.00665779019777298 0.00675765744898536 0.00685241081403978 0.0069411934538475 0.00702312390978858 0.00709726808551427 0.00718053360512178 0.00723786492143235 0.00728408221963043 0.00731788948195251 0.0073379560149457 0.00734297471134746 0.00733173638151811 0.00730322127221652 0.00725669994548442 0.00719184212441633 0.00723379942831102 0.00713983567406114 0.00702992650341251 0.00690629251711085 0.00677189032931458 0.00873083862677271 0.00864522541832184 0.00856282601316513 0.00848679833805391 0.00842023698815229 0.00836603865593567 0.00832683187862193 0.00830498304333023 0.00830267809981687 0.00832203977838256 0.00838760143154675 0.00845194427290477 0.00854200284813405 0.00671860699646533 0.00682793970575718 0.0069532920161212 0.00708388174129104 0.00693410581219222 0.00702702307033262 0.00707612161542588
0.00547170392246419 0.0055397633250819 0.00562207631629158 0.00570161279889812 0.00578420246223783 0.00586877541883403 0.00595428806058311 0.00603976094539345 0.00612430167591024 0.00624757112650403 0.00634534983267027 0.00644095525223182 0.00653365553103897 0.00662273166019831 0.00670744552732101 0.00678700455780644 0.00686052976300338 0.00694378228443885 0.00700397417573768 0.00705473901550039 0.00709465696281734 0.00712222223767816 0.00713590123718096 0.00713421171467562 0.0071158201617368 0.00707965347064483 0.00702501895836537 0.00695172713536099 0.00698664255533511 0.00688409356868312 0.00676644892011259 0.00663651446553152 0.00623490598453732 0.00611951047262258 0.00837482170795111 0.00829658853520076 0.00822695693212134 0.00816901172329643 0.00812555585631988 0.00809912438225581 0.00809209876748965 0.00810688379581855 0.00817142399367389 0.00823338255694954 0.00647516893958195 0.00656899534648858 0.00668986758453375 0.00683257088797549 0.0067189475551604 0.0068657770068264 0.00698533764105494 0.00705777136722127
0.00536948367314542 0.00543145591724764 0.00550599421867792 0.00557685072737061 0.00565000832485999 0.00572470529719404 0.00580019054221493 0.00587575712403909 0.00595076429680392 0.0060246477287118 0.00615914908902873 0.00624666117718088 0.00633237505812915 0.00641572876362654 0.00649611934819675 0.00657286388852775 0.00664516197685383 0.00672776413299087 0.00678995590391206 0.00684432665209307 0.0068893638633632 0.00692341690840602 0.0069447543598522 0.00695164647463672 0.00694246703762659 0.00691581380462864 0.00687063922788105 0.00680638777217516 0.00672313204062547 0.00674903803275081 0.00663684830665126 0.00651083963798893 0.00611998575192279 0.0060058810520082 0.00589065569022927 0.00577791030684273 0.00804361116591504 0.00798135226133981 0.00793300538405818 0.00790122568288351 0.00788852274046581 0.00789750476854079 0.00795934621813983 0.0062501462577745 0.00631667751663231 0.00641511189804547 0.00654599356381605 0.00670541212491867 0.00661857015383896 0.00679353383488885 0.00694211656849373 0.00703995010010563
0.00527451117641051 0.00533158500856354 0.00539980632863497 0.00546348627830857 0.00552873621470746 0.00559503600050742 0.00566187402345584 0.00572877567021547 0.00579532266472062 0.00586116180844094 0.0059260019727935 0.00607235089659495 0.0061513881504913 0.00622912737717744 0.0063051098785915 0.00637877557110587 0.00644942050230482 0.00653090383836348 0.00659440943604659 0.00665160858935919 0.00670092498902096 0.00674059218587226 0.0067687090556907 0.0067833245150901 0.00678254225578814 0.00676464753562664 0.00672824944498911 0.00667242925836699 0.00659689417429275 0.00650212514202176 0.00651733232760132 0.00639479427007385 0.00601424991130259 0.00590093203446273 0.00578521247625836 0.00567088974327391 0.00556185334264722 0.00546180961264013 0.00537410800078801 0.00771224455279178 0.00769312963446492 0.00769529744733424 0.00605747857873185 0.00609145814456886 0.00615674123910158 0.00625756138234694 0.00639653363065013 0.00631178684537938 0.0065121905868959 0.00671743335904907 0.00689789680214003 0.00706840098719678
0.00518640655982577 0.00523947331788299 0.00530251109709147 0.00536021879494147 0.0054188180271652 0.00547797524598101 0.00553737153337445 0.00559672616662742 0.0056558126893759 0.00571446546809252 0.00577257540795873 0.00583007326847255 0.00598861789378813 0.00606095806626491 0.00613257343015682 0.0062030343096332 0.00627174517705541 0.00635177811163057 0.00641605645181249 0.00647544554242619 0.00652833139033737 0.00657285817273077 0.0066069831803664 0.00662855906158354 0.0066354429355251 0.00662562793212844 0.00659739279576888 0.00654946325171168 0.00648117804343095 0.0063926588195059 0.00628497041198209 0.00628827948103366 0.00591764230123541 0.00580468120672002 0.00568799228774225 0.00557158453853814 0.00545960845208167 0.00535601113278682 0.00526431315434291 0.00518758747917132 0.00512864875556229 0.00750173348030066 0.00590566920018377 0.00593466119622745 0.00599649584462145 0.00609716107836172 0.00604183302094272 0.00622907579041469 0.00645227026684319 0.00668847091230372 0.00690238270359067 0.00705677188731823
0.00509663675600103 0.00514611411338272 0.00519648074484637 0.00524619436235723 0.00529561992816642 0.00534448316205636 0.00539251877638237 0.00544091793756981 0.00548689517280446 0.00553150809835241 0.00557466168179576 0.0056163006218546 0.00575936674154111 0.00581297289808056 0.00586503398099578 0.00591527388179305 0.00596332467150743 0.00600869627718301 0.0060507515037197 0.00608868987543022 0.00612154307320737 0.00614818390462364 0.00616735219266253 0.00617769652583025 0.00617783007120979 0.00616640136369697 0.00614217366813856 0.00611798943645686 0.00606548368764722 0.00599786875823744 0.00591530031910425 0.00581859044466392 0.00584568928064752 0.00573153773221258 0.00561107801138399 0.00548864590334164 0.00536895907269191 0.00527057999348871 0.00516852081285399 0.00508147778885727 0.00501249109655561 0.00496454189600981 0.00494116098658726 0.00554630220646001 0.0056012335390233 0.00570058231050879 0.00585418811640857 0.0060797396006368 0.00635129796609721 0.0066534379692253 0.00693808588196594 0.00714978729742476
0.00502204645467541 0.00506869669792859 0.00511549905488879 0.00516111647736275 0.00520594767525884 0.00524983121652474 0.00529262820225099 0.00533555480690343 0.00537617083084771 0.00541558649609406 0.00545385380885214 0.00549106248269561 0.00552731967912392 0.00568155147885573 0.00573035668034134 0.00577825046974165 0.00582496031042297 0.00587006826087925 0.00591298114342768 0.0059529096324578 0.00598885969389821 0.00601963816313148 0.00604387734828284 0.00606007507206908 0.00606665455004438 0.00606203714194674 0.00604472854230076 0.00602710388004323 0.00598090410639661 0.00591880883973434 0.00584066356503853 0.00574699242622201 0.00564865734531078 0.00565579440670859 0.0055333555765024 0.00540766004559753 0.00528381160704064 0.00518024981571533 0.00507306409711622 0.00498061995252796 0.00464710578637582 0.00458821253706864 0.0045535521740756 0.00454804351967834 0.00457902501405307 0.00554010478457642 0.00569199002675903 0.0059261643542465 0.0062228348970645 0.00656717305463155 0.00690250584734214 0.00715844635452476
0.00495370894939907 0.00499790872001555 0.00504165797483803 0.0050837848115462 0.00512470119502499 0.00516433032354644 0.00520263180169195 0.00524083617353343 0.00527679424501281 0.00531166041304629 0.00534561406365709 0.00537887350119942 0.00541167322658258 0.00544423249555407 0.00560944650107568 0.0056550749076662 0.00570041068759298 0.00574511524704557 0.0057886511197647 0.00583025447344311 0.00586892299802072 0.00590341607825951 0.00593227734173641 0.00595387299656068 0.00596645204695496 0.00596822339515694 0.00595744630753802 0.0059460655390977 0.00590587522892907 0.00584905044931124 0.00577511623630597 0.00568428476331885 0.0055871489282039 0.00546665912017376 0.00546382278504412 0.00533452551103878 0.00520623014925538 0.00485969755994685 0.00474192925179071 0.00463882346769409 0.00455323785538254 0.00448777447421327 0.00444560292746809 0.00443149995119531 0.0044531073658356 0.00452224169814231 0.00552624590473905 0.00576338307024962 0.0060814896142414 0.00646911702528374 0.0068606339670949 0.00716580216168507
