R/Data/side_v1_12_1.asc
NCOLS 365 
NROWS 740 
XLLCORNER 0.791666667335165 
YLLCORNER 6.2083333340009 
CELLSIZE 0.00833333332967033 
NODATA_value -9999 
[rows 253 to 275 of 740, columns 153 to 203 of 365]
0.00709765409687804 0.00711546119621581 0.00714584565430548 0.00719690533604587 0.00726134454689412 0.007337381326156 0.00742345932338263 0.00751821171288945 0.00762042953017467 0.00772903789138461 0.00784307735279225 0.00796169023093127 0.00807557134656851 0.00853679397097483 0.00867634861659581 0.0088185311832853 0.00896280966692302 0.00910869143330597 0.00929311970787826 0.00943990292288827 0.00958678617827485 0.00973337715662029 0.00987929675609611 0.0100241698663538 0.0101676166493282 0.0103092398821131 0.0104486109587909 0.0105852523559055 0.0107186177113538 0.0108480693711236 0.0109728565281119 0.0110920992899121 0.0112127054071765 0.0113178991524937 0.0114143032531708 0.0115010438704042 0.0115776491082714 0.0116441709308923 0.011701146216749 0.0117494276703535 0.0117899906886399 0.0117563708954273 0.0117871837888381 0.0118132195431413 0.0118351470836172 0.0118535681424323 0.011869049029977 0.011882154586103 0.0119258486706166 0.0119320785513702 0.0119038669831184
0.00689791534207586 0.00692177384187453 0.00696334071673283 0.00701525982624379 0.00708540935766036 0.00716704879851233 0.00725865204516074 0.00735888593128838 0.00746657541777987 0.00758067687608052 0.00770025832244178 0.00782448470186038 0.00794423268220684 0.00840975680263229 0.00855541531778827 0.0087038382358285 0.00885449202955312 0.00900687851465105 0.00919788606857189 0.00935131882904295 0.0095049425634887 0.00965835195727892 0.00981115447376102 0.00996296328357682 0.0101133878564119 0.0102620222283313 0.0104084305420177 0.0105521285373242 0.0106925621204776 0.0108290816047107 0.010960913742576 0.0110950549116858 0.0112148100534585 0.0113265963128742 0.0114291923421212 0.0115215772090888 0.0116031999561738 0.0116741485855952 0.0117350925034399 0.0117870501180126 0.0117596824386288 0.0117995694683805 0.0118339568631517 0.0118636509376576 0.0118893477606743 0.0119116666796604 0.0119311858762088 0.0119484799547331 0.0119091466699152 0.0119219605647797 0.0119345469318783
0.00670902846767065 0.00673856402209298 0.00678567790536868 0.00684320164537015 0.00691858380087061 0.00700533734760058 0.00710197293532739 0.0072071962033508 0.00731986909098081 0.00743898137639377 0.00756362975400214 0.00769300304976242 0.00781815023135043 0.00828779337384159 0.00843911539792176 0.00859334860244662 0.00874995846695094 0.00890844208444218 0.009113381793571 0.00927323289854117 0.00943339524763385 0.00959345045757868 0.00975299311742114 0.00991162341592644 0.0100689390208934 0.0102154741412987 0.0103686498490466 0.0105191555729702 0.0106664323291303 0.0108098221876483 0.0109485350638123 0.0110897524761704 0.0112162712874294 0.0113346034314938 0.0114433542015127 0.0115413183336035 0.0116278401666907 0.0117030543415338 0.0117677996614617 0.0117479969825566 0.0117977830464393 0.0118411433869896 0.0118790796716897 0.0119124352751554 0.011941927960091 0.0119681905841523 0.011991811580561 0.0119601713066868 0.0119783952004903 0.0119957921421278 0.0120131453665999
0.00653090891080123 0.00656575220577551 0.00661799184430027 0.00668520113448786 0.00676079304957886 0.00685217704521171 0.00695335963799205 0.00706308936111851 0.00718026774656302 0.00730391959145454 0.007433171203907 0.00756723589456935 0.00770687144062122 0.00784875936258617 0.0083274465285647 0.00848706575760831 0.00864921709522827 0.00881339314626236 0.00902403379456749 0.00918979465483109 0.00935598529991342 0.00952217546455425 0.00968794782864289 0.00985289192177024 0.0100165963150716 0.0101786370377772 0.0103385636093405 0.0104958798716867 0.0106500190860464 0.0108003135902298 0.0109277978524305 0.0110672942354558 0.0112169516811692 0.0113417813373359 0.0114566560042154 0.0115601370374621 0.0116514279383773 0.0117307266896304 0.0117202179720696 0.0117810110018457 0.0118341650602983 0.0118809502108389 0.011922422880946 0.0119594548616224 0.011992779696032 0.012023039987701 0.01205083169668 0.0120235420965587 0.01204627230712 0.0120683666272916 0.0120906160965655
0.00636347443896447 0.00640325263590999 0.00646019123205289 0.00653187640945941 0.00661633033013077 0.00670747942374108 0.006812731055093 0.00692649378234745 0.00704771060802043 0.00717544215323377 0.00730884514664529 0.00744715734022516 0.0075911806964756 0.00773756282180605 0.00822039361784869 0.00838498131427232 0.00855226419085771 0.00872173132335951 0.00893770833376049 0.00910899594262342 0.00928084231584162 0.00945280593843516 0.00962445826823516 0.00979537859994818 0.0099651470813519 0.0101333336377749 0.0102994839298879 0.010463100266468 0.0106236163919689 0.0107803647117221 0.010913798217372 0.0110598658126809 0.01119907806529 0.011347960803585 0.0114689365744846 0.0115778779388652 0.0116737947343103 0.0117569739675472 0.0117481485505793 0.0118122169288143 0.0118686609064657 0.0119188404537463 0.0119638534040869 0.0120045905943881 0.0120417945358296 0.0120761141726167 0.0120568658025905 0.0120853411463612 0.0121126804451276 0.0121395885599364 0.0121668650063281
0.00620799806231462 0.00625097694380189 0.00631217521732929 0.00638787172424753 0.00647614463216984 0.00657540496684334 0.00667998933446259 0.0067973212361417 0.00692212051763357 0.00705348398671753 0.00719335706711693 0.00733560860940964 0.00748071530640846 0.00763117583420685 0.00778482097640759 0.00828707563710781 0.00837873298817363 0.00854133439574149 0.00885439179968319 0.00903082408085265 0.00920795279259025 0.00938532553934094 0.00956250317241715 0.00973905571135465 0.00991455527892753 0.0100885660220503 0.0102606308946743 0.0104302524035324 0.0105968670524193 0.0107410778965115 0.0108990180894186 0.0110514678238699 0.0111971222997531 0.0113343001392328 0.0114800000459712 0.0115943556541726 0.0116947390607089 0.0116976289133696 0.0117741899979775 0.0118414131937869 0.0119010933963442 0.0119546607095469 0.012003238250754 0.0120477245722551 0.0120888661015857 0.0120779311728205 0.0121124875545507 0.0121454683174946 0.0121775211569811 0.01220936022605 0.0122417950546842
0.00606167154589353 0.00611012142272702 0.00617512233828044 0.00625306775863506 0.0063446825156785 0.00644715626385639 0.00655920420826562 0.00667786371276449 0.00680590944177724 0.00694058434640635 0.00708110438010845 0.00722675482117372 0.00737543301103178 0.00752956737081287 0.00768704104653389 0.00812367776615247 0.00828875796315763 0.0084556301091075 0.00877406176090157 0.00895525794627452 0.00913729511163742 0.00931971039649858 0.00950205494299127 0.00968388927666799 0.00986477804901332 0.0100442803766362 0.0102219369456094 0.0103972514695827 0.0105696654704703 0.0107193274913728 0.0108832946413816 0.0110419036604002 0.0111938333774255 0.011337319512792 0.0114700530912386 0.0114964819991171 0.0116008601609721 0.0117184785565013 0.0117980940464602 0.0118683823834709 0.0119312801162607 0.0119882587326478 0.0120404478124803 0.0120887443759773 0.0120863604274782 0.0121272959376909 0.0121662443779512 0.012203826100675 0.0122406978236571 0.0122775848133824 0.0123153080599607
0.00592585584130754 0.00597797970265323 0.00604629877784547 0.00612858911888102 0.00622180939363853 0.00632702708664029 0.00644176134532873 0.00656366677047878 0.0066939492057694 0.0068313994336927 0.00697479177437851 0.00712343441448344 0.00727527946463927 0.00743269491209139 0.00759361027877932 0.00803370404692252 0.00820252328745345 0.00837329717679083 0.00869668841213369 0.00888226968194522 0.00906884155058902 0.00925593145811131 0.00944308042264865 0.00962984027716572 0.00981576820831019 0.0100004185437522 0.010183329633252 0.0103640069655914 0.0105418982261933 0.0106967485696667 0.0108664494942393 0.011030952799489 0.0111889446053551 0.011338615969071 0.0113837182035794 0.0115081919768111 0.0116166608896656 0.0117100486744941 0.0117913181900052 0.0118928973709217 0.0119590404806401 0.012019489134699 0.0120753618930704 0.0120817809830576 0.0121293989836674 0.012174611030566 0.012218042160673 0.0122603213983628 0.0123021170238936 0.0123441670978007 0.0123873063117902
0.00580051278676118 0.00585579504143149 0.00592691417075256 0.00601175050675231 0.00610861827249485 0.00621613326230148 0.00633062933148514 0.00645604265575918 0.00658902760341399 0.00672846574356324 0.00687432872222156 0.00702556970638064 0.00718018891892196 0.0073405045213487 0.00750448605215108 0.00794780278321844 0.00811999558967766 0.00829431101410811 0.00862223490579534 0.00881182511872212 0.00900255895561975 0.00919395439310733 0.00938554280637705 0.00957686698534544 0.00976747672270634 0.00995692063649844 0.0101447349608303 0.010330426204063 0.0105134481610612 0.0106731910205242 0.0108482918013113 0.0110183725875672 0.0111821497608272 0.0113378192644557 0.0113879451240153 0.0115178078235252 0.0116301246140055 0.0117263624395499 0.0118104362309372 0.0118853845663974 0.0119842045288104 0.0120482199659495 0.012107872612137 0.0121184216308385 0.0121702074665277 0.0122197872098148 0.0122677935462572 0.0123148672766668 0.0123616902578998 0.0124090158538023 0.0124576940744073
0.00568560091971434 0.00574346180100136 0.00581682891921589 0.00590369153994039 0.00600244752931922 0.0061117782725441 0.0062305675710094 0.00635536806188413 0.00649023005238939 0.00663195262962205 0.0067809707417954 0.00693457873374328 0.00709311119089537 0.00725600326429615 0.00742272555093637 0.00786592289350002 0.00804113359804466 0.00821380981682789 0.008393247545258 0.00874388532707098 0.00893841044292196 0.00913374266377109 0.00932940387689186 0.00952492763382806 0.00971985537176773 0.00991372952375506 0.0101060824622065 0.0101951791328516 0.0103801844988123 0.0105622022972904 0.0107405011619256 0.0109141578491489 0.0110819519157372 0.0112395354505337 0.011389553497066 0.0115248872332766 0.0116407507156174 0.0117395916914662 0.0118264961278338 0.0119046170137499 0.0119759417036037 0.0120743403063532 0.0120939169669879 0.0121526507120463 0.0122087035874148 0.0122627455263293 0.0123154208955491 0.0123673846543001 0.0124193356168622 0.0124720446186218 0.012526380177485
0.00558105760863985 0.00564085315258266 0.0057158853561855 0.00580424231904493 0.00590439554806951 0.00601508333280269 0.00613523547890855 0.00626149546182716 0.00639783692126334 0.0065411413490072 0.00669189590797801 0.00684735457234303 0.00700789478289942 0.00717296198701076 0.0073420337181976 0.00775302674090804 0.00796080467064501 0.00814123050474898 0.00832368258815015 0.00850774159493793 0.00869301312727009 0.00887912465743418 0.00927462585018897 0.00947398236401604 0.00967286045446169 0.00977501293979554 0.00996839901552718 0.010160022590369 0.010349360457962 0.0105358109218763 0.0107186531053083 0.0108969861753921 0.0110696311493701 0.0112323558489819 0.0113878728171981 0.0115287942857272 0.0116478238156903 0.0117492205491283 0.0118391821716852 0.0119207143325405 0.0119956947521367 0.0120552863105339 0.0121214665905461 0.0121843953518128 0.0122448188470276 0.0123034189235975 0.0123608559265237 0.0124178029051319 0.0124749782400098 0.0125331733079452 0.0125932771909363
0.00548677646080064 0.00554781006415329 0.0056239021698486 0.00571321541757239 0.0058142772750577 0.00592587062372842 0.00604696227630557 0.00617665363350989 0.00631170479148153 0.0064572153961551 0.00660834739848324 0.00676530096849979 0.00692749846116678 0.00709439467477532 0.00726547313774624 0.00744014281784829 0.0078889390217925 0.00807187332384461 0.00825700763245169 0.00844391624606218 0.00863219658047763 0.00882146614978468 0.00901135915421735 0.0092015188485349 0.00953345772742914 0.00973180760902093 0.00992896481340635 0.0101244473154062 0.0103177256007573 0.0105081942120015 0.0106951328865123 0.0108776468653454 0.0110545767328157 0.011221750541284 0.0113820091718313 0.0115283643447307 0.0116502812981957 0.011754750904648 0.0118482471251663 0.0119335326788488 0.0120124176867016 0.0120760032716434 0.0121463554847302 0.0122136002226482 0.0122784988279188 0.012341752305415 0.012404041062212 0.0124660603281767 0.0125285512678512 0.0125923287369143 0.0126583048006923
0.00540258188665973 0.00546412941261677 0.00554066896492375 0.00563040307546185 0.00573189288427354 0.00584395114059705 0.00596557113688062 0.00609587782573697 0.00623168231265097 0.00637807341378181 0.00653020007283625 0.00668830512637551 0.00685182163162303 0.00702021225994959 0.00719296532406394 0.00736949563470421 0.00754956234068225 0.00800568222034398 0.00819317518764481 0.00838261121331626 0.00857357924259501 0.00876568697594422 0.00895855725384334 0.00915182182347932 0.00948723724929007 0.00968890301510658 0.00988946391931723 0.0100884258957728 0.0102852474666584 0.0104793114289582 0.0106698843083095 0.0108560568391862 0.0110366494971618 0.0112100393027586 0.0113711895841245 0.0115205891520046 0.0116470659913871 0.0117559024345874 0.0118535740469095 0.0119430041518038 0.0120260610638579 0.0120938733209227 0.01216854533377 0.0122402264582341 0.0123097033784799 0.0123777020387409 0.0124449285290403 0.0125121041360002 0.0125799958311113 0.0126494444657021 0.0127213877252164
0.00532821046425355 0.00538955608783841 0.00546594299157388 0.00555557628905379 0.00565702786020784 0.00576912482678276 0.00589087622202262 0.0060229646557391 0.00616168358798566 0.0063045384446367 0.00645732238887989 0.00661624783401555 0.00678075681422107 0.00695031830707357 0.00712442484995301 0.00730249254133223 0.00748427839070018 0.00794259540836476 0.00813213142600545 0.00832378027299138 0.00851712195469942 0.00871175392467677 0.00890728732172793 0.00923648856785907 0.00944165830270717 0.00964628488443285 0.00984988614025565 0.0100519521850162 0.0102519245892554 0.0104491663677222 0.0106429195641204 0.0108322422823924 0.011015904424103 0.0111921957991852 0.0113558226156346 0.0115074550843533 0.0116387640243475 0.0117528083777882 0.0118552052223475 0.0119491405468359 0.0120366223701519 0.0121088846737416 0.0121880184269373 0.0122642514681172 0.0123384045291847 0.012411235401567 0.0124834802345056 0.0125558899145646 0.0126292606922017 0.0127044615924433 0.0127824579679757
0.00526330555164544 0.00532378111059147 0.00539944807390627 0.00548848441529815 0.00559069112892515 0.00570252370167923 0.00582414162774667 0.00595469551580829 0.00609343432677821 0.00623934110566611 0.00638957682536679 0.0065490037966471 0.00671419022100498 0.00688461016456092 0.0070596306136651 0.00723905062686101 0.00742224572667365 0.00788254485665414 0.00807381681049223 0.00826737146677709 0.00846277984027824 0.00865962854974651 0.00885751668295384 0.00918901325491301 0.00939670758706919 0.00960394764481763 0.00981023437539257 0.0100150394049807 0.010217783010858 0.0104178030064146 0.0106143101819831 0.0108063206865497 0.0109925462116262 0.0111711951739755 0.0113395851360438 0.0114907565499323 0.0116265022786277 0.0117458703560812 0.0118533072348913 0.0119520196669876 0.0120441387735882 0.0121210488438122 0.0122047739331358 0.012285665380426 0.0123645856278379 0.0124423289625354 0.0125196663380626 0.0125973813606898 0.012676301656739 0.012757327383029 0.012841453120481
0.00520743093904402 0.00526748508202114 0.0053419906017942 0.00543005402588428 0.00553021556236777 0.00564129334776655 0.00576230102376927 0.00589239208979012 0.00603082083282013 0.0061765805940534 0.00632682042667466 0.0064864422734249 0.00665200243123172 0.00682297913150918 0.00699873509168434 0.00717908097927717 0.00736338424295276 0.00755118689685839 0.00801816611858144 0.00821332747904772 0.00841050271825224 0.00860926743645538 0.00880920801789363 0.00914248970752878 0.00935237615981543 0.00956189271680957 0.00977052210677853 0.00997771533330054 0.0101828689206985 0.010385293030211 0.0105841644378308 0.0107784575332057 0.0109668338684841 0.0111474583538242 0.0113177195370387 0.0114711912056407 0.0116110410277022 0.0117355416625771 0.0118481149465633 0.0119517675380286 0.0120381460178845 0.0121303985848963 0.0122188266118899 0.0123044708587326 0.0123882395688439 0.0124709680538943 0.0125534647181785 0.0126365484572604 0.0127210810854228 0.0128079951268586 0.0128983164983736
0.0051611348240568 0.00521826375037277 0.00529107821904785 0.00537766719624147 0.00547654213403363 0.00558650506936336 0.00570656201753941 0.00583586468738241 0.0059736692936693 0.00611897452702143 0.00627193459656889 0.00642842759732558 0.0065940690555269 0.00676531127875148 0.0069415082660451 0.00712248871008353 0.00730760795258745 0.00749640323973061 0.00796510873846197 0.0081615850671901 0.00836023468138108 0.00856062160637487 0.00876231907610256 0.0090968996771064 0.00930865690700113 0.00952012534691754 0.00973076863197119 0.00994001607778797 0.0101472397533534 0.0103517214073509 0.0105526054668586 0.0107488304705627 0.010939025252221 0.0111213601967096 0.011293393580749 0.0114492007414134 0.011592883517467 0.0117222345200556 0.0118398877186614 0.0119485401833842 0.0120399280662923 0.0121369851462712 0.0122302047976086 0.0123206806840938 0.0124093680566497 0.0124971449672653 0.0125848593149766 0.0126733674674322 0.0127635668079255 0.0128564236376491 0.0129529965190117
0.00534862446563849 0.00540249112044646 0.00524742115948064 0.00533216816864419 0.00542940747826114 0.00553792325839554 0.00565671140883329 0.00578491904487283 0.00613802500482936 0.00606635864132517 0.00621875367562976 0.00637799159279593 0.00654026090389167 0.00671130458977924 0.00688784045006409 0.00706917323271053 0.00725482500593625 0.00744432779770068 0.00763722216941621 0.00811207601200183 0.00831191472061716 0.00851363713474325 0.00871680283162636 0.00905222373094066 0.00926554235267748 0.00947865139556011 0.00969099475275291 0.0099019802579653 0.0101109555696032 0.0103171757275456 0.010519756821744 0.010717610961778 0.0109093573551918 0.0110932162243727 0.0112669673037154 0.011428265871455 0.0115723835975882 0.0117062921603721 0.0118288791978739 0.0119425070490759 0.012038954081324 0.0121408738255245 0.0122389483432847 0.0123343167710294 0.0124279797703993 0.0125208580946696 0.0126138397233116 0.0127078191949916 0.0128037306109597 0.0129025752311011 0.0129824710876565
0.00532136159559767 0.00537231096463333 0.00543961275385769 0.00552124599600863 0.00538854131484515 0.00549530729291803 0.00583125801147555 0.00595806897428541 0.00609370196385214 0.00601856566223076 0.00617012160515199 0.00632870260448401 0.00649226215723789 0.00666326779256948 0.0068376174848287 0.00701902913265782 0.00720493841516915 0.00739487164116856 0.00758836203356045 0.00806472696935045 0.00826547690054547 0.00846825511168264 0.00867260737591516 0.00900843981543894 0.00922302281639119 0.00943747443902803 0.0096512193855052 0.0098636442452792 0.0100740738679095 0.0102817393683582 0.0104857342711224 0.0106849566859363 0.0108780384585622 0.011063284032617 0.0112387080881182 0.0114023794853996 0.0115498024037395 0.0116879914162785 0.011815320517248 0.0119338379752382 0.0120353379825759 0.0121421408833843 0.0122451061199204 0.0123454088317452 0.0124440901014834 0.0125421111906547 0.0126403998010812 0.0127398885436282 0.0128415483684088 0.0129201453129356 0.0130326151383248
0.0053015917277627 0.00534940253869427 0.00541379098243558 0.00549274699302106 0.00558467801819977 0.00568829930137805 0.00579560084563329 0.00592059439068749 0.00605460012951745 0.00597542490751887 0.0061258802940613 0.00628354327283716 0.00644628380250428 0.00661673891038754 0.00679072046174706 0.00697194609012058 0.00715784590099594 0.00734794045576037 0.00754175537712922 0.00773882039457009 0.00822085007324712 0.00842441162445283 0.00860583561409392 0.00881226631342608 0.00901949294168686 0.00939659374136541 0.00961145645409967 0.00982503908030225 0.0100366455266143 0.0102454871035201 0.0104506419422698 0.0106510066789319 0.0108452459204356 0.0110317691334633 0.0112088176897663 0.0113747898823799 0.0115253383294272 0.0116675518096658 0.0117994126648561 0.0119226930757417 0.0120291956116171 0.0121408674707817 0.0122487331622608 0.0123539920863435 0.0124577188528374 0.0125609119234215 0.012664536662656 0.01276956279349 0.0128478295243002 0.0129617961061443 0.0130805168034124
0.00528925483229493 0.0053333680172474 0.00539463414626059 0.0054706694578915 0.00555989000446616 0.00566100851480356 0.00577295959998948 0.00589484199223225 0.00602055189295611 0.00593676296362398 0.00608586883089173 0.00624236381962757 0.00640519667503856 0.00657488823883059 0.00675040975599517 0.00692780970448896 0.007113440935636 0.00730343525296398 0.00749731069506305 0.00769458744994926 0.00815473164837797 0.00835866501983002 0.00856446878325791 0.00877165697307458 0.00897973280231684 0.00918817948464178 0.00939644725573772 0.00960393655787444 0.00999871305241517 0.0102084831657232 0.0104145698690943 0.0106158800008669 0.0108111260697606 0.0109988330474413 0.0111774495521674 0.0111264913561081 0.0112814447205835 0.0116451470093075 0.0117813251293602 0.0119092173485229 0.0120206385416173 0.0121371358432758 0.0122498871794872 0.0123601046319006 0.0124688887818772 0.0125772702630355 0.0126862491038386 0.0127968306801619 0.0128812218680571 0.0130011499849973 0.0131261331911145
0.00528331473181909 0.00532382972750518 0.00538181661534895 0.00545473130683152 0.00554101532720958 0.00563938982391521 0.00574879057760545 0.00586831516391546 0.00598948379507872 0.00612850308020042 0.00627563230152115 0.00620501166330028 0.00636658287002784 0.00653522688279171 0.0067098790068522 0.0068865012708264 0.00707161240911556 0.00726131969495886 0.00745504037574073 0.0076523148307934 0.00811384281622411 0.00831804350625779 0.00852423769079884 0.00873192419957292 0.00894058940889755 0.00914969883579346 0.00935868410206479 0.00956692733809592 0.00977374036006202 0.00997834016784086 0.0101786398414925 0.0103760391103554 0.0105679887199534 0.010753128418302 0.010930081411261 0.0110977022999315 0.011255402656355 0.0114033644811946 0.011761198262453 0.0118835279425781 0.0120097694423562 0.0121310246760043 0.0122486256018584 0.0123637855786791 0.0124776236451582 0.0125911970441845 0.0127055369021555 0.0127905346033867 0.0129122783155046 0.0130381731304231 0.0131694198059145
0.00528360143307006 0.00532043268457283 0.00537502642056355 0.00544465876208453 0.00552781246912503 0.0056232280635405 0.00572985017023384 0.00584678013810795 0.00596551510151867 0.00610236645093701 0.00624751457933687 0.00640037630596737 0.00658301983201925 0.0067486066870008 0.0066723096663979 0.00685180397961925 0.0070355750320416 0.00722142901690384 0.00741470852562583 0.0076116880615919 0.00781186628195075 0.00827874152991541 0.00848507534620186 0.0086930087545989 0.0089020123962168 0.00911153478859566 0.00932099039530237 0.0095297453330765 0.00973709800244008 0.00994225817319712 0.0101443238578865 0.0103408195048737 0.010533520215864 0.0107196391305735 0.0108979606672713 0.0110675101284425 0.0112278012523936 0.0113789921941216 0.0115270756223568 0.0118659255437029 0.0119966792910896 0.0121226065251965 0.0122450020069175 0.012365072056145 0.0124839461247514 0.012602702079689 0.0126893450317233 0.0128135286514577 0.0129409736230581 0.0130728300058313 0.0132103292391374
