R/Data/side_v1_12_9.asc
NCOLS 365 
NROWS 740 
XLLCORNER 0.791666667335165 
YLLCORNER 6.2083333340009 
CELLSIZE 0.00833333332967033 
NODATA_value -9999 
[rows 299 to 321 of 740, columns 208 to 259 of 365]
0.0213207971583522 0.0211513942048971 0.0209623605703187 0.0207522508011265 0.0203731941684111 0.0201185296461956 0.0198416786668656 0.0195431147684443 0.0185597877852035 0.0182347691440268 0.0186329447614922 0.0182868122405904 0.0179318769408648 0.0175718439179605 0.017210447318252 0.0168511687349037 0.016496940081899 0.0161498695236731 0.0158110393292105 0.0154804235793198 0.0151569642344894 0.014838827693939 0.0145240079621133 0.0142120599770603 0.0139060258837475 0.0136100959004961 0.0133267888627088 0.0130570768059271 0.0128011217754437 0.0125587198241277 0.0123295192197493 0.0121131240072629 0.0119091431911101 0.0117172149543557 0.0115370195680625 0.0113682870447004 0.0112108047701234 0.0110644234439914 0.0108336187577131 0.0107065432945191 0.0105909269136023 0.0104868895400157 0.010394659731565 0.0103145892010726 0.0102471682160639 0.0103416866639058 0.010304598161617 0.0102828754234435 0.0102777001163079 0.0102904812425937 0.0103228753537358 0.0103768064359661
0.0220419195231233 0.0218539461340831 0.0216447092698432 0.0214126098996695 0.0211564853377973 0.0207265035486503 0.0204216824131666 0.0200933601377202 0.019655216625684 0.018714224246273 0.0183409831170677 0.0187047480192886 0.01831644669653 0.0179242927598026 0.0175327196744568 0.0171458492922245 0.0167671307448437 0.0163989958933773 0.0160425860125275 0.0156976030481234 0.0153623235026204 0.0150337709035492 0.014708160049789 0.0143832380644065 0.0140629073846761 0.0137532753705636 0.0134576413734273 0.0131771721523487 0.0129120200254065 0.0126618920859423 0.0124263138559783 0.0122047539045856 0.0119966830277894 0.0118016043886589 0.0116190708503575 0.0114486961277792 0.0112901640674996 0.01114323649153 0.0110077619001811 0.010883683788777 0.0106715791225683 0.0105688354444763 0.0106148129485605 0.0105388170977994 0.010476166184244 0.0104275182921581 0.0103937126105431 0.0103757877477706 0.0103749992113509 0.0103928378722462 0.0104310483459482 0.0104916478201051
0.0227844597234711 0.0225770763793443 0.0223466020437943 0.0220912626985208 0.0218097703489651 0.0213488351226203 0.0210139696623378 0.0206535742959752 0.0201786963830071 0.019779292337956 0.019361428898582 0.0183644098614572 0.0186926654375981 0.0182654333799796 0.0178410340531977 0.0174243745155884 0.0170195693564883 0.0166295198849562 0.0162555587454422 0.0158972205737711 0.0155521532345457 0.0152160384796178 0.0148822550543022 0.0145442267180425 0.0142074808019066 0.0138821892172205 0.0135728676866653 0.0132808075122392 0.0130060167549813 0.0127480009021761 0.0125060796157729 0.0122795233086637 0.0120676175383763 0.0118696952348717 0.01168515513798 0.0115134743257928 0.0113542181317475 0.0112070481935331 0.0110717317282887 0.0109481494131957 0.0109398656930296 0.0107652398942791 0.0106783246699777 0.0106045244119831 0.0105443516998308 0.0104984981409346 0.0104678495237233 0.0104535013073501 0.0104567749741538 0.0104792343042098 0.0105227023764512 0.0105892786313678
0.023549182107236 0.0233215972688197 0.0230688759235835 0.0227890416498651 0.0224806573999995 0.0221429263981473 0.0216191990448244 0.0212242286019457 0.0207092015136677 0.0202718644260716 0.0198149587138383 0.0193432766892017 0.0182992042087431 0.0185931919710442 0.0181326217633413 0.0176832334225844 0.0172499776712174 0.0168364022555344 0.0164442183878234 0.0160730144896239 0.0157201602867759 0.0153806643742664 0.0150449749287767 0.014693331882461 0.0143355419392935 0.0139922447467533 0.013668328201527 0.013364480104198 0.0130802312194102 0.0128147210622322 0.0125669688179075 0.0123359871335092 0.0121208352250772 0.0119206472957069 0.0117346483611868 0.0115621654395815 0.0114026363829442 0.0113434784492432 0.0112107985977176 0.0110905999470005 0.0109828420733503 0.0108876293097249 0.0107267109484151 0.0106551843726955 0.0105974813896972 0.0105543241263936 0.0105266402663264 0.01051557686904 0.0105225148543975 0.0105490834543353 0.0105971755683407 0.0106689632702557
0.0243369122679501 0.0240884063661247 0.0238124775903939 0.0235069135086411 0.0231700962553857 0.0228011279815573 0.0223999652459445 0.0218060267124826 0.0212471925262869 0.0207685955410933 0.0202690524472925 0.0197541470646367 0.0192303621910875 0.0187047500010636 0.01840460468911 0.0179185591813997 0.0174533672110665 0.0170133758542054 0.0166008015442931 0.0162153634790908 0.0158542198911722 0.0155122464391294 0.0151821077024191 0.0148159429010415 0.0144345568904725 0.0140744534724365 0.0137374390510568 0.013423255286327 0.0131309264529157 0.0128592219545391 0.0126068538046097 0.0123725682899489 0.0121551911205819 0.0119536529879814 0.0118433186957024 0.0116714439636574 0.0115133880919515 0.0113686189556987 0.011236748338373 0.0111175369941793 0.0110109009889181 0.0109169183638072 0.0108358369633556 0.0107680830067279 0.01063550591784 0.010594888242963 0.0105699132425056 0.0105617760736992 0.0105719123043635 0.0106020106958648 0.0106540269898972 0.0107301977269745
0.0251485370519725 0.0248784917159345 0.024578477657569 0.0242460042605952 0.0238792340846159 0.0234771309056565 0.0230396256141091 0.0224000048274181 0.0217934896361635 0.0212700043734248 0.0207238253384535 0.0201613979944624 0.0195902371678438 0.0190185536335067 0.0184547506212103 0.0181266986771382 0.0176247473513071 0.0171538517016316 0.0167167314040072 0.0163129895950479 0.0159386939033011 0.0155857345709131 0.0152380752287485 0.0148675986328645 0.0144847691079255 0.0141170837445401 0.0137723056585531 0.0134515353938924 0.0131540547779462 0.0128785713229308 0.0126236325754167 0.0124563597996206 0.0122376916284816 0.0120358996186822 0.0118498994999458 0.0116787564444223 0.0115216914183395 0.0113780847464075 0.0112474800363 0.0111295879398355 0.0110242907165791 0.0109316479579762 0.010851902915979 0.0107854898819043 0.0107330425255035 0.0106202763465506 0.0105976923076411 0.0105920592280428 0.0106048641744023 0.0106378513155121 0.0106930334260215 0.0107727048725293
0.0259849936582066 0.0256929305629202 0.0253680786501808 0.0250076212884987 0.0246094506418912 0.0241723475484436 0.0236961735762352 0.0231820742333009 0.0223494005553078 0.0217771602658943 0.0211799979755223 0.0205652776038525 0.019941629410667 0.0193185303301297 0.0187057360614359 0.0181125987238041 0.0185443957535898 0.0172524222529815 0.0167849436910413 0.0163570806764179 0.0159634334354547 0.0155931121151143 0.0152293252253674 0.0148559626849391 0.0144780927861252 0.0141120004680865 0.0137665684689356 0.0134446115621023 0.0132100025380286 0.0129326027396173 0.0126766455350148 0.0124406469790927 0.012223164368044 0.0120228659190182 0.0118385647640415 0.0116692360001761 0.0115140251259351 0.0113722522496211 0.0112434156571338 0.0111271945340705 0.0110234528858286 0.0109322440109968 0.0108538161208525 0.010788618570467 0.0107373093023178 0.0107007623162864 0.0106800764687922 0.0106065796374795 0.0106214644201246 0.0106566429546774 0.0107141811891915 0.0107964259956984
0.0281982487266842 0.02785813514281 0.0261826131775298 0.0257932590667979 0.0253623818010536 0.0248885178801997 0.0243714084775432 0.0238122361412854 0.0229168358767614 0.0222918368967056 0.0216391050687036 0.0209669618531372 0.0202852214056638 0.0196047212778169 0.0189366848225543 0.0182919575906434 0.0176801460913535 0.0181009194100708 0.016801897664834 0.0163440012960798 0.0159264697475078 0.0155375230586873 0.0151618187308202 0.0147875641980585 0.0144162790494422 0.014117358170235 0.0137757194865871 0.013456476060015 0.0131603399283809 0.0128867061888027 0.0126343694741698 0.0124019060064527 0.0121878726694474 0.0119909098901521 0.01180979371326 0.011643462692865 0.0114910309433209 0.0113517947544918 0.0112252368148367 0.0111110293220059 0.0110090376327514 0.0109193244463028 0.0108421550528063 0.0107780032781277 0.0107275577945101 0.0106917291386179 0.0106716575070051 0.0106687200185537 0.0106845394285494 0.0106586158845115 0.0107176557923593 0.0108015094170236
0.0290977283333101 0.0287347967458282 0.0283322433461911 0.0278864924191794 0.0273947862922129 0.0268554265650937 0.0250675756979656 0.0244606193052282 0.0238099000113843 0.0228166294068383 0.0221036581413964 0.0213687788818858 0.0206230450832983 0.0198787383190087 0.0191486623575651 0.0184453009138338 0.017779874203729 0.0171612971785383 0.0175768651174104 0.017075212945524 0.0158308014266917 0.0156954849889915 0.0153140200709642 0.0147189321654666 0.0143549368746655 0.0140054091321633 0.0136747836710278 0.0133654796276306 0.0130781688984586 0.0128124058182852 0.0125671433147421 0.0123410716658865 0.0121328214856617 0.0119410795596695 0.0117646519231541 0.0116024984682744 0.0114537505632385 0.011317721222198 0.0111939107277215 0.0110820114539639 0.0109819118437301 0.0108937015328137 0.0108176766454489 0.0107543456628629 0.0107044355981314 0.010668898955387 0.0106489203301968 0.0106459235303217 0.0106615788146599 0.0106978108162835 0.0107038282806637 0.0107882966420155
0.0300277413776229 0.029642252999934 0.0292134964402844 0.0287373896663422 0.0282107159935684 0.0276313957798279 0.026998802617024 0.0263141008413093 0.024634762042383 0.0238771578856232 0.0230847011093659 0.0217743355440672 0.0209586586350017 0.0201440054413896 0.0193448736086892 0.0185755444274527 0.0178490860769147 0.0171762561932057 0.0165642212077501 0.0170552766496789 0.0165733557127233 0.0154987385446912 0.0151108460050166 0.0145400613470931 0.014187189553484 0.0138520182681955 0.0135363042890424 0.01324114529517 0.0129667129067233 0.0127124620423283 0.0124774065483167 0.0122603461463052 0.0120600243326433 0.0118752288654852 0.0117048526420081 0.0115479290862676 0.0114036529150665 0.0112713923259391 0.0111506978215947 0.0110413080858785 0.010943156215497 0.0108563759384243 0.0107813074096559 0.0107185041846085 0.0106687393213632 0.0106330125203909 0.0106125562024654 0.0106088426055276 0.0106235899814898 0.0106587700207058 0.0107166151375533 0.0107996261609172
0.0309891591359399 0.0305817076586299 0.0301270794006008 0.0296206148869579 0.0290585544039738 0.028438349731747 0.0277590259031582 0.027021577849179 0.0252423031811874 0.0244207976607364 0.0235594469269755 0.0226696434651019 0.0217651387131473 0.0208614215319442 0.0195307074774284 0.0186881396550183 0.0178932663542634 0.0171590926517556 0.0170845954181502 0.0169025753027951 0.0163924435524488 0.015944458977068 0.0146870828438449 0.0143233766570653 0.0139838929866101 0.0136656367241966 0.0133677816098044 0.0130899090127331 0.012831434686672 0.0125915216951596 0.0123691434200809 0.0121631781490416 0.0119724933512996 0.0117960103904959 0.0116327482998141 0.0114818539137619 0.0113426216099417 0.0112145068454792 0.0110971367494972 0.0109903188999375 0.0108940492606393 0.0108085199384573 0.010734126940346 0.0106714775865718 0.0106213976665265 0.010584938520672 0.0105633836126567 0.0105582548382485 0.0105713189153984 0.0106045938986971 0.0106603559159851 0.0107411461388291
0.0319826780249197 0.0315542403405886 0.0310744909748255 0.030538117801015 0.0299407336767686 0.0292792251980736 0.0285521662055174 0.0277602814423045 0.0269069022466321 0.0249893297721764 0.0240552317027557 0.0230878957387671 0.0221024544684551 0.0211160786318775 0.0201470854965601 0.0198152116176229 0.0189168772410366 0.0177405830402784 0.0170025913448708 0.0163546033740604 0.0161724556951573 0.0157100647093221 0.0153075425032575 0.014947955007722 0.0137559660681279 0.0134566522707793 0.0131786880946052 0.0129201287030581 0.0126795582547165 0.0124557664491092 0.0122476293603194 0.0120540778409677 0.0118741019101109 0.0117067696696814 0.0115512474426272 0.0114068186980832 0.0112728999745137 0.0111490545024034 0.0110350042852476 0.0109306408650677 0.0108360355777846 0.0107514493513319 0.0106773419381331 0.0106143808022352 0.0105634489226602 0.0105256526183702 0.0105023280010694 0.0104950476384485 0.0105056262756506 0.0105361275285418 0.0105888694979817 0.0106664316328629
0.0330087325390643 0.0325607131492714 0.0320570677048406 0.0314917586010035 0.0308596824192618 0.0301570593654776 0.0293819042375083 0.0285345603520102 0.027618241606112 0.0266394864291597 0.0245783962901992 0.024244977706692 0.023147170220626 0.0220477358607993 0.0209670557305654 0.0199259213389641 0.0189446284930747 0.0180421492622103 0.0172350139097645 0.0165348839771486 0.0168373648529278 0.0163537556152547 0.0150486346701177 0.0147002819643403 0.0143891020912246 0.013236807423271 0.0129798136654317 0.0127414253537086 0.0125194774193165 0.0123124194590306 0.0121190363931053 0.0119383078530081 0.0117693432625116 0.0116113575083024 0.0114636672557977 0.0113256983396826 0.0111969964792201 0.0110772398469802 0.010966252219993 0.0108640153483136 0.0107706815117481 0.0106865848016016 0.010612252599747 0.0105484149391161 0.0104960142083389 0.010456212461084 0.0104303989718896 0.0104201963579063 0.0104274666895795 0.0104543172049653 0.010503106274047 0.0105764490920922
0.0353988683007124 0.0336016655604993 0.0330758705551678 0.0324831795287622 0.0318176854936692 0.0310748384361055 0.0302519785112711 0.0293489509230402 0.0283687443382164 0.0270213584936317 0.0259023985475768 0.024739779383318 0.0235515628484289 0.0223584898240727 0.0211829349833932 0.0200479007373626 0.0189762764411696 0.0179904028404156 0.0171114808368803 0.0163572090839654 0.0157345686890036 0.0160976080371839 0.0156975398351687 0.0153618882931897 0.0150699849736636 0.013378315952256 0.0131489268446364 0.0128788717608184 0.0126795455958315 0.0124921451182977 0.0123154401497605 0.0121485172735447 0.0119906525170993 0.0118412504915013 0.0116998201849287 0.011565971069605 0.011439420619244 0.0113200058868153 0.01120769823481 0.0107922618093617 0.0106996194154044 0.0106154051801813 0.0105402123277324 0.0104748327903398 0.0104202665503904 0.0103777304539306 0.0103486651726255 0.0103347417313645 0.0103378672103232 0.0103601901999777 0.0104041067429445 0.0104722651733417
0.0364764664505942 0.0359810536480648 0.0354202313878609 0.0347863041229593 0.0340724885000055 0.0332733850696271 0.032385572133689 0.0302079478510903 0.0289706698372169 0.0277251362543788 0.0265257861740718 0.0252755911946678 0.0239941032283327 0.0227038377570877 0.02142907184701 0.0201947839820786 0.019026123399598 0.0179486368298977 0.016988881125263 0.0161731175767122 0.0155172462428252 0.0158597908287645 0.0154488170106904 0.0151333120583106 0.0148637455899991 0.0138508575710548 0.0136468838690139 0.0134585346311205 0.0132827093872609 0.0131174689735126 0.0121626743576641 0.0120076032378824 0.0118599778216591 0.0117193137447168 0.0115852320366075 0.0114574503080901 0.0113357874243665 0.0112201742273245 0.0111106671830083 0.0110074642240917 0.0109109195978875 0.0108215586460677 0.0107400905812592 0.0106674203943211 0.0106046581992157 0.010553127173298 0.0105143699465744 0.0104901538354245 0.010482475277797 0.0104935641272264 0.0105258884056677 0.010582158387234
0.0375864414983077 0.0370784804671685 0.0365005993833856 0.0358441462070522 0.035101336897476 0.0342657630498208 0.0333330580039846 0.0320054868129104 0.0308631660437217 0.0296331313599048 0.0283271306681329 0.0269619674658289 0.0255588819890559 0.0241423784329619 0.0217190447138423 0.0203820490237309 0.0191110989674636 0.0179338604650844 0.0168820100403065 0.0159938267660353 0.0153024738851492 0.0155981348323824 0.0152342535999345 0.0149482242366826 0.0147073265712848 0.0144939184857335 0.013474296549669 0.013301654229832 0.0131393202936712 0.0129855983217063 0.0128393537111293 0.0126997493443071 0.0125661188392511 0.0124379076745813 0.0114764300216128 0.0113531163124595 0.0112349138346915 0.0111218128274597 0.0110139268928066 0.0109115080131806 0.010814961974336 0.0107248628305848 0.0106419663088317 0.0105672212851729 0.0105017795057697 0.0104470035165327 0.0104044725208326 0.0103759878069211 0.0103635766388871 0.0103694967425699 0.0103962405180145 0.0104465390530304
0.0387270676577511 0.038210076325402 0.0376187923144351 0.0369435499036557 0.036175483610961 0.0353070697509912 0.0340301989554906 0.0329318992906705 0.0317289627220741 0.0304279994264376 0.0290412863388164 0.0275868127766234 0.0260875379015231 0.0245699171374736 0.0230620413919797 0.0215919770742343 0.02018709239626 0.0188755934315493 0.0176927918600071 0.0166954925453251 0.0158459051239264 0.0153694436578859 0.0150394333565341 0.0147821221421853 0.0145627810371085 0.0143655436932534 0.0141829073937124 0.0131789198178191 0.0130251904406942 0.0128786619272135 0.0127383760654745 0.0126035935546291 0.0124737066407768 0.0123482034764586 0.0122266578488635 0.0121087331283502 0.0119941946480499 0.0110269938540796 0.010919336967782 0.0108164343959859 0.0107187193149025 0.0106267948802665 0.0105414467677853 0.0104636544493522 0.010394600158469 0.0103356760712627 0.0102884903483996 0.0102548710462378 0.0102368703497443 0.0102367683538374 0.0102570768182135 0.0103005433755259
0.0398957601744395 0.0393737065508995 0.0387732254003462 0.0380835881971004 0.0372947705685621 0.0360905625048104 0.0350619956139563 0.033917277917632 0.0326572876199271 0.0312884587095861 0.0298236283888413 0.0282821560526281 0.0266890500273003 0.025073148405071 0.0234647270255066 0.0218931819196666 0.0203854888538691 0.0189663797579999 0.0176629501403725 0.0165298151418612 0.0157425587370751 0.0152118556394343 0.0149248094521387 0.0146898718690791 0.0144823572940209 0.0142918592367256 0.0141133682273871 0.0139442703008521 0.0129464265424468 0.0128018120140487 0.0126629692238631 0.0125291364954417 0.0123996622429516 0.0122739888572866 0.0121516519093172 0.0120322881822938 0.0119156482118524 0.0118016127705296 0.0116902107104689 0.0115816384317311 0.0114762787351917 0.0105286207572572 0.0104397404956907 0.0103578897049133 0.0102842681669887 0.0102202872369684 0.0101675744130504 0.0101279769754747 0.0101035650219557 0.0100966348900123 0.0101097123712876 0.0101455567644
0.0410889714610308 0.0405662157813212 0.0399612399549651 0.0392622113188508 0.0384578761739928 0.0372089231325488 0.036149034810147 0.0349628766515965 0.0336504336645888 0.0322178561682952 0.030678575455167 0.0290535550751794 0.027370320971915 0.0256607786858806 0.0239582978268907 0.0222948090790541 0.0206986221718506 0.019193458702605 0.0177991179583104 0.0165355122684636 0.0156723601829259 0.015323312158265 0.0149352101233457 0.0146954919752072 0.0144804981652597 0.0142825565725612 0.0140973522887136 0.0139223228338811 0.0137557954905658 0.0135965435361054 0.0126161007434484 0.0124789916918388 0.0123463006972183 0.0122173209393769 0.0120914666643318 0.0119682797384154 0.0118474394724253 0.0117287760333104 0.0116122855078681 0.0114981464710644 0.0113867368719831 0.0112786492745409 0.011174704946062 0.0110759649430546 0.0109837369893602 0.0101018865141651 0.0100428011352 0.00999642030688036 0.00996482472432754 0.00995032050226455 0.00995544189353453 0.00998295473207189
0.0423020986787935 0.0417833163981817 0.0411789691446072 0.0404760919445102 0.0393300746456534 0.038375301264087 0.0372901382970167 0.0360684475987641 0.0347090973992705 0.0332177937179867 0.0316085549997858 0.0299041906076071 0.0281352689018274 0.026337580722482 0.024548726302348 0.0228048545419447 0.021138587739012 0.0195792776215138 0.0181586177880905 0.0169366927876441 0.0160681344552169 0.0155595300088415 0.0152043938960224 0.0148092097844119 0.0145630109334614 0.014341552553019 0.0141378499210267 0.0139477828969563 0.0137686588838206 0.013598532833371 0.0134358794550701 0.0124545432824933 0.0123149174415638 0.0121794078092568 0.0120472257074932 0.0119177519907695 0.0117905405461943 0.01166532546195 0.0115420321183711 0.0114207892060478 0.0113019424984843 0.0111860674628066 0.0110739802837729 0.0109667465641378 0.010865685994213 0.0107723738162911 0.01068863878713 0.0106165584400792 0.0105584526704835 0.00979900480473254 0.00979552569225237 0.00981408717369932
0.0435294166558119 0.0430194985654772 0.0424212275035248 0.0413873355459136 0.0405506743519998 0.0395861091285519 0.0384825064381107 0.0372320392457607 0.0358321676167532 0.0342878976728999 0.032613744143194 0.0308345400910726 0.0289843887822133 0.0271037178544611 0.0252353011816741 0.0234206269940644 0.0216979981454202 0.0201036935031935 0.0186781779999532 0.0174785890189381 0.0165730485538259 0.0159453116720598 0.0154911507323863 0.015133335153561 0.014725028394485 0.0144663514586061 0.0142335654127607 0.0140200348809459 0.0138214396228707 0.0136347233557195 0.0134575675655547 0.0132881237495298 0.0123058242176642 0.0121606317557123 0.0120193570472125 0.0118811624820303 0.0117454285293865 0.0116117530500072 0.0114799561283371 0.0113500875062659 0.0112224359349684 0.0110975384680259 0.0109761882352089 0.0108594404225006 0.0107486139908467 0.0106452904875687 0.0105513095569476 0.0104687615156444 0.0103999791335294 0.0103475291578979 0.0103142049679452 0.0103030206393508
0.0447640286317842 0.0442679611886882 0.0433488799214904 0.0426359135449317 0.04180317930795 0.0408360689046739 0.0397215631510109 0.038449841711407 0.0370165725075106 0.0354256845708814 0.0336919604667369 0.0318423243431987 0.0299147995107277 0.0279550321541451 0.0260115016218533 0.0241312136309734 0.0223573894315755 0.0207299605169323 0.0192886778238645 0.0180754666968145 0.0171213685439108 0.0164055535531654 0.015861364895166 0.01542868614344 0.0150682584626196 0.0146495813670412 0.014379727776558 0.0141358583906315 0.0139119039738232 0.0137035431638751 0.01350752639967 0.0133213050860071 0.0131428270298023 0.012160617225059 0.012007643952679 0.0118584200161725 0.0117121139562674 0.0115681544337788 0.0114262274041666 0.0112862787185675 0.0111485182442132 0.0110134258280242 0.0108817556672985 0.010754538613663 0.0106330814664255 0.0105189624593766 0.0104140238847011 0.010320362102495 0.010240316873515 0.0101764610174604 0.0101315916153298 0.0101087235956322
0.0459978492640831 0.0451902579776247 0.044599632349588 0.0439017590043832 0.0430800347226808 0.0421180991992437 0.0410008331007102 0.0397160684022871 0.0382571913385041 0.0366265179133894 0.0348386985659229 0.0329226720057009 0.0309206689595133 0.0288839964958057 0.0268670882122784 0.0249221305002888 0.0230959106081345 0.0214292246718456 0.0199577674557209 0.0187112005352354 0.0177028962275889 0.0169111977232235 0.016286770897279 0.0157813264988194 0.0153591379182663 0.0148815428215889 0.0145694391964296 0.0142902116400868 0.0140362797833418 0.0138021194920282 0.0135835411724361 0.01337726206699 0.0131806510790412 0.0129915779092439 0.0120113024622605 0.0118489457510196 0.0116901896863661 0.0115342687865106 0.0113807127975107 0.0112293432313184 0.0110802736165207 0.0109339108208033 0.0107909561597445 0.0106524046128219 0.0105195406733739 0.0103939307396883 0.0102774127153415 0.0101720830341886 0.0100802833405003 0.0100045879588525 0.00994779390401964 0.00991291341712713
