R/Data/side_v1_12_10.asc
NCOLS 365 
NROWS 740 
XLLCORNER 0.791666667335165 
YLLCORNER 6.2083333340009 
CELLSIZE 0.00833333332967033 
NODATA_value -9999 
[rows 345 to 367 of 740, columns 104 to 155 of 365]
0.0262792115668056 0.0263806201440424 0.0264245466720782 0.0264189259633894 0.0263737897853743 0.0263005029758607 0.0262109711164096 0.0261169047627032 0.0260292294351281 0.0259576780315604 0.0259105672724611 0.0258947192240293 0.0259154815483086 0.02597680089435 0.0260813173374349 0.0262304651789503 0.0264245757392284 0.0266629763572101 0.0269440881854417 0.0272655170043721 0.0276241386038075 0.0280161705221894 0.0284372426928079 0.0303623887002352 0.0308198330360528 0.0312905057559006 0.0317683394570861 0.0322471051392536 0.0327205664532226 0.0331826532615926 0.033627661921281 0.0340504702951273 0.0344467628654879 0.0348132597665669 0.0351479396299193 0.0354502486818523 0.036914597068738 0.0371966366393142 0.0374603800511463 0.0377137769867006 0.0379670538672062 0.038340811274278 0.0386634966036258 0.039028523960645 0.0394493589386733 0.0399361196822899 0.0404943968487 0.0411255813620066 0.0431988329795301 0.0440956479433185 0.0450008366069695 0.0460749473239505
0.0269881243404737 0.0271177669775731 0.0271918080097264 0.0272174390965157 0.0272039484456738 0.0271620382774993 0.0271030906692034 0.0270384665518935 0.0269789165445209 0.0269341536183536 0.0269125897923497 0.0269212161566275 0.0269655821905809 0.0270498384371912 0.0271768085866967 0.0273480742481733 0.0275640653547209 0.0278241513864402 0.0281267279038828 0.0284693042083447 0.0288485807317734 0.0292605239514106 0.0312104419039035 0.0316659109015223 0.032138240493178 0.0326211505356144 0.0331080536301227 0.0335922018092508 0.0340668602598472 0.0345255087317263 0.034962060365543 0.0353711030509685 0.0357481426342825 0.0360898506994908 0.0363943000488791 0.0366611863923169 0.0380980493199947 0.0383316228107511 0.0385432896335714 0.0387420759893662 0.0389395978822919 0.0392555373258693 0.0395239629070965 0.0398398831550018 0.0402190297013554 0.0406728246548012 0.0412067820814186 0.041821166846316 0.0438580669977172 0.0447484726065433 0.0456597437462164 0.0467350158140291
0.0277751718078397 0.0279344218013409 0.028039898517614 0.0280981121167847 0.0281176606898051 0.0281086242883423 0.0280818832628877 0.0280484513352291 0.028018893758668 0.0280028807157928 0.028008893803195 0.0280440661148375 0.0281141253032161 0.0282234032642246 0.0283748853818193 0.0285702777934635 0.0288100848945249 0.0290936872869265 0.0294194240241071 0.0297846697204778 0.030185910586744 0.0321597488742686 0.032611894291825 0.0330847125188071 0.0335718487352482 0.0340664827225686 0.0345614722296807 0.0350495188040715 0.0355233696504874 0.0359760394354237 0.0364010591169099 0.0367927352611152 0.037146417561363 0.0374587591448844 0.0377279660713458 0.0379540287933801 0.0393560403678193 0.0395346957789886 0.0396875753147755 0.0398248652433944 0.0399596967203018 0.0402107889879333 0.0404187147080583 0.0406803876593478 0.0410144228410458 0.0414338424178471 0.0419438117638399 0.0425428706544685 0.0445433994686922 0.0454300681665956 0.0463495755693702 0.0496675111966931
0.0286466436077077 0.0288370917641104 0.0289755542883414 0.029067914258656 0.0291221304575389 0.0291476959040884 0.0291550104581784 0.0291547454785256 0.0291572698919696 0.0291721920674301 0.0292080375061733 0.0292720548131159 0.0293701232712338 0.0295067317867847 0.0296850023069085 0.029906739632843 0.0301724922923985 0.0304816216026054 0.030832372455982 0.0312219456275329 0.0332190152753429 0.0336667443484387 0.034138997303151 0.0346295027906784 0.0351313588701713 0.035637164837909 0.0361391861358669 0.0366295460727357 0.0371004525781984 0.0375444472721413 0.0379546779664976 0.0383251828612382 0.0386511758613117 0.0389293204261472 0.0391579924137157 0.0393375156031696 0.0406974198449071 0.0408143161223076 0.0409012174701793 0.0409695249783686 0.0410340003489793 0.0412124501647592 0.0413527450006581 0.0415542820281516 0.041839480649827 0.0422234214927322 0.0427104815831697 0.0444767429118261 0.0452622426449089 0.0461486575700271 0.0470790725663269 0.0503627859291333
0.0296092901050263 0.0298327545862994 0.0300059940259292 0.0301343146722554 0.0302250786091322 0.0302872260889804 0.030330696614695 0.0303658236329898 0.0304027714208601 0.030451067909317 0.0305192585310543 0.0306146799449238 0.0307433358605824 0.0309098436339919 0.0311174343103062 0.0313679813657081 0.0316620454785211 0.0319989317213979 0.0323767523755608 0.032792490646786 0.0348394807745939 0.0353104297841392 0.0358036169542961 0.0363122271466887 0.0368287650922498 0.0373452085744452 0.0378531960993798 0.0383442451364453 0.0388100051614054 0.0392425373439645 0.0396346090779056 0.0399800026402949 0.0402738163544375 0.0405127525961655 0.0406953850717099 0.0417081927679311 0.0418250272881759 0.042181263756595 0.0421945254359189 0.0421857142815988 0.0422451848074167 0.0422682917322445 0.0423325771282111 0.0424669701370402 0.0426991165744089 0.0430469168993753 0.043513210308851 0.0452398030127433 0.0460241003648427 0.0469146550045857 0.0478591460080143 0.0511141358965553
0.0306702965524274 0.0309288366202576 0.0311389037090734 0.0313052667083247 0.0314347327995732 0.0315357202981313 0.0316177272002405 0.0316907538086908 0.0317647527183964 0.0318491538518805 0.0319524983966105 0.0320821843093685 0.0322443091428113 0.0324435894049395 0.0326833338789016 0.0329654507081052 0.0332904769726328 0.0336576229226242 0.0340648233687351 0.0361388115508814 0.0366082697288403 0.0371038278810914 0.0376189496196413 0.0381462278787482 0.0386775283019077 0.0392041653897826 0.0397171160568187 0.0402072664571924 0.0406656914273463 0.0410839640755787 0.0414544765687631 0.0417707680842306 0.0420278437285884 0.0422224689515356 0.0423534397627386 0.0433305757808171 0.0433785295708725 0.0433747475726325 0.0433291184930872 0.0434860440690618 0.0434556908817459 0.0433886193731381 0.0433667418161948 0.0434252522593715 0.0435993288063846 0.0439110401492356 0.045387239016865 0.0460521490163093 0.0468413325665655 0.0477413594715775 0.0494451737424615 0.0519370163531139
0.0318372447947362 0.0321331791799454 0.0323824008253778 0.0325891802453041 0.032759804816721 0.032902199145211 0.0330254374697765 0.0331391921600506 0.0332531974102706 0.0333767682883208 0.0335184185029377 0.033685578458349 0.033884409573373 0.0341196940415601 0.0343947838154357 0.0347115847224386 0.0350705714112892 0.0354708143721105 0.0375727011596205 0.0380412928112779 0.0385395310661823 0.0390613645582823 0.0395996747337659 0.0401464123680123 0.0406927569878582 0.0412293193562246 0.0417463819862006 0.0422341721150206 0.042683176668702 0.0430844762241939 0.0434300939674224 0.0437133428955363 0.0439291576124596 0.0440743938191065 0.045045841020902 0.0450841313458333 0.0450564927539509 0.0449701317200348 0.0448356308033054 0.0446675187579861 0.0454025594487021 0.0452363349205694 0.0451236308138297 0.0451100691632362 0.0452447401797495 0.0455585960505067 0.0462326957500863 0.0468865245650696 0.0476686236106082 0.0485601993392823 0.051393197814816 0.0528500556275242
0.0331180490754104 0.033453978632041 0.0337449853869596 0.033994876376209 0.0342094494375023 0.0343961643079482 0.0345636853434883 0.0347213637570637 0.034878708010416 0.0350449024311288 0.0352284089594129 0.035436661773225 0.0356758539487203 0.035950798142663 0.0362648505508087 0.0366198759135021 0.0370162412796668 0.0391478926038788 0.0396173278158448 0.0401194399275231 0.0406488738805312 0.0411990171357581 0.0417621169969377 0.042329428700429 0.0428913989282357 0.0434378941659968 0.0439584662214671 0.044442662982136 0.0448803671049743 0.0452621661191389 0.045579723993466 0.0458261480546489 0.045996332274749 0.0460872574899838 0.0470244202777991 0.0469888369224646 0.0468792730763908 0.0467034035264125 0.0464722851768123 0.0462009622245159 0.0461706650231063 0.0458778297477754 0.0456332307935789 0.0454906697391452 0.045515002284328 0.0465147474628186 0.0471903624858875 0.0478630222233082 0.0486682625326316 0.0495824361411578 0.0524125054289938 0.0538767493593435
0.0345208674852579 0.0348997034344822 0.0352354613838917 0.0355315152365827 0.0357932043565843 0.036027544051646 0.0362428069559686 0.0364480259479611 0.0366524775402541 0.0368652002527833 0.0370945806334805 0.0373480254366652 0.0376317247770818 0.0379504851228312 0.038307626090827 0.0387049265411967 0.0408693923701762 0.041342737202504 0.0418510741048359 0.0423899550323531 0.0429534931698436 0.0435344575435722 0.0441244032914333 0.0447138373726799 0.0452924258246287 0.0458492463795814 0.046373088987051 0.0468527948371773 0.0472776333037572 0.0476376987739348 0.0479243103375585 0.0481303983593821 0.0482508574416569 0.0492102028278847 0.0491829610775714 0.0490682552397552 0.0488711740042156 0.0485998181760207 0.0482655290842813 0.0478833798091993 0.0477313502289991 0.0473100703337558 0.0469313480371073 0.0466613509135485 0.0465986032191743 0.0477171536524472 0.0482470367547244 0.0489546749822261 0.0497915632771087 0.0523553172748677 0.0535696040859852 0.0550617782281669
0.0360539908548415 0.03647898910332 0.0368628401137976 0.0372085106246439 0.0375209073838186 0.0378066236617364 0.0380735540297923 0.0383304171854801 0.0385862513777865 0.0388499337089976 0.0391297492133281 0.0394330490268028 0.0397659820001939 0.040133307928575 0.0405382669408371 0.040982502613919 0.0432218722018772 0.0437402104082161 0.0442916149866888 0.0448711392510811 0.0454723029082714 0.0460871960939832 0.0467066227950288 0.0473202866291494 0.0479170189394675 0.0484850671242373 0.0490124219745499 0.049487195937796 0.0498980319976581 0.0502345353137169 0.0504876995565835 0.0506503174462793 0.0516521484920471 0.0516496684763067 0.051547915762034 0.0513496463214616 0.0510605430380149 0.0506892497898697 0.0502474305558796 0.0500211531725595 0.049472643553059 0.04891376567587 0.0483811611400358 0.047944187084364 0.0477620092901444 0.0488617248664193 0.0494534783255264 0.0502101156860548 0.0510802312312983 0.0536614264399835 0.0548974452149795 0.0564113249916603
0.0377256960806064 0.0382005026446751 0.0386362121258663 0.0390354079701676 0.0394025882796177 0.0397439459001271 0.0400670076560797 0.0403801819770052 0.0406922634640033 0.0410119492375876 0.041347399591529 0.0417058761644546 0.0420934510559307 0.0425147918203229 0.0429730124808132 0.0452565083806939 0.0457902874221987 0.0463587814538443 0.0469581837469944 0.0475829846883603 0.048226044856742 0.0488787108109938 0.0495309728403056 0.0501716677435885 0.0507887414190105 0.0513695612653983 0.0519012817600127 0.0523712596147958 0.0527674998373463 0.0530791226442026 0.0532968236850574 0.0534133063058156 0.0543996898968529 0.0543289870925799 0.0541492104888795 0.0538638688230832 0.0534795229021741 0.0530057278710142 0.0524549443947604 0.0521165873087597 0.0514452368990621 0.0507541074473746 0.0500704056208242 0.0494346490884279 0.0497987598190559 0.0502298778709976 0.0509054288101901 0.0516980158200614 0.0525848735112239 0.0551868356287568 0.0564312001809242 0.0579551828829161
0.0395440799363197 0.0400727826557746 0.0405645978901172 0.0410217477658857 0.0414483441360911 0.0418501957518498 0.0422344738397273 0.0426092795225087 0.0429831554218426 0.0433646027658592 0.0437616311088944 0.0441813785088497 0.0446298000518425 0.0451114266996314 0.0474453032403306 0.0480018135987918 0.0485936784793025 0.0492184013899231 0.049871643567174 0.0505472628119438 0.0512373922530791 0.0519325641282789 0.052621883986672 0.0532932601967359 0.0539336916864839 0.0545296123231382 0.0550672988489956 0.0555333209909862 0.0559150317320285 0.0562010704927722 0.0563818622484547 0.057443637610022 0.0574223327236362 0.0572807422778 0.0570201427985501 0.0566451037168578 0.0561634873947228 0.0555863663767139 0.0549279182871474 0.0544853512645925 0.0537029033109267 0.0529036495954635 0.0521199157504243 0.051407649627791 0.0517877248469268 0.0521012360824026 0.0527266179890378 0.05348992428673 0.055843350650633 0.0569727568467673 0.0582046147228288 0.0597221710551973
0.041516864336715 0.0421040571334098 0.0426567774395236 0.0431769069666601 0.0436681894422863 0.0441360656288706 0.0445873624995112 0.0450298737463612 0.0454718826500558 0.0459216762421242 0.0463870881595548 0.0468750974696737 0.0473914990954003 0.0497833067124068 0.0503718025119447 0.0509951995046453 0.0516524423106327 0.0523405344323387 0.0530545325728696 0.0537875875332088 0.0545310272072286 0.0552744929769161 0.0560061331869943 0.0567128537334024 0.0573806383037703 0.0579949294859332 0.0585410738430916 0.0590048179403656 0.0593728392682637 0.0596332988505307 0.0597763784288502 0.0608386090331381 0.0607554358712377 0.0605408671026534 0.0601972268498266 0.0597305027817476 0.0591503511239059 0.0584700725267716 0.0577066195270486 0.0571698390008103 0.056290668805831 0.0554106865998085 0.0545789733749139 0.0538836368173716 0.0543745201876899 0.0544934897063985 0.0549592472199781 0.0556256440495829 0.0579699833796424 0.0590514574224042 0.0602464563965272 0.0617380990383306
0.0436511918247861 0.0443020482077301 0.0449211070259355 0.0455099248396443 0.0460718952152063 0.0466121060210177 0.0471370472801585 0.0476542050787036 0.0481715964527713 0.0486972752129598 0.0492388699132563 0.0498031663983369 0.0522615613924017 0.052893263385263 0.0535583187734549 0.0542571807802801 0.0549883186995675 0.0557481603385527 0.0565310808029905 0.0573294418998378 0.0581336837671616 0.0589324725805429 0.0597129135820996 0.0604608309871163 0.0611611167481973 0.0617981516865324 0.0623562911640211 0.0628204078789148 0.0631764751459743 0.0634121630512424 0.0645875349696294 0.0645839932378723 0.0644377978352995 0.0641486111876809 0.0637200681220692 0.063159913799019 0.0624800693621624 0.06169667324198 0.0608302547553069 0.0602073417935571 0.0592405973481006 0.0582928645943305 0.0574229844015742 0.0576403198383682 0.057256053030502 0.0572497644014134 0.0575654891269435 0.0581089097831238 0.0604381142317548 0.0614441566638788 0.0625791512944553 0.0641260298675657
0.0459534160060954 0.0466737763340193 0.0473653319509082 0.0480293293639203 0.0486688276314277 0.0492885724740077 0.049894723071336 0.0504944606830444 0.0510955234196592 0.0517057136387609 0.0523324267642302 0.0548668343847311 0.0555548116290605 0.056273586457359 0.0570251136620286 0.0578093924351046 0.0586243438396144 0.0594657386733374 0.0603271861907896 0.0612001698448082 0.0620741494968444 0.0629367235820919 0.0637738608888724 0.0645702118159352 0.0653094859046101 0.0659749187610991 0.0665497987547599 0.067018062636726 0.0673649283260686 0.0675775534241977 0.0687755020226769 0.0687215791021352 0.0685116984268716 0.0681465618015463 0.06763133213732 0.0669758103665316 0.06619453549582 0.0653068759271461 0.0643372801242512 0.0636317953807047 0.0625783506643253 0.0615607555116818 0.060639869529587 0.0607659575248646 0.0603277169295566 0.0602138120451132 0.0603959184028391 0.0625114605521296 0.0632537174246202 0.0641647904913925 0.0652201735653293 0.0667167085070098
0.0484289125870908 0.0492253773374894 0.049996413920278 0.0507429724494802 0.0514677873310785 0.0521752738413026 0.0528712660013611 0.0535626364953816 0.0542568329497731 0.0549613905443185 0.0556834390997798 0.0583404315520666 0.0591267625541749 0.0599438810034657 0.0607933035428432 0.0616745040806849 0.0625847731792043 0.0635191392106245 0.0644703512976667 0.0654289195825129 0.0663832215166216 0.0673196820501377 0.0682230317995148 0.0690766358932666 0.0698629223507009 0.0705638789697873 0.0711616340441375 0.0716391020070523 0.0719806773433686 0.0733361679593455 0.0734002191310403 0.0732967513624043 0.0730229569851392 0.0725806985700798 0.0719768386931936 0.0712234428611044 0.0703378854641246 0.0693429311882177 0.0686219718880602 0.0674773663431028 0.0663310272718508 0.0652327374900686 0.0651610897541153 0.0643855506326793 0.0638669458936134 0.0636416535748215 0.0636940989268669 0.0658044725759637 0.0664237064156721 0.0672255189943778 0.0684854107305191 0.0696135711515419
0.0510819200973788 0.0519619533906876 0.0528203909599728 0.0536578937409067 0.0544768820651069 0.0552814480472157 0.0560771029755953 0.0568704088438495 0.057668514746753 0.0584786633754065 0.0612294376350668 0.0620986357603588 0.062995949645548 0.063924313421252 0.0648847372435631 0.0658760914188391 0.0668949502588275 0.0679355087259785 0.0689895558023176 0.0700465187750862 0.0710935824431198 0.0721158841774038 0.0730967922918055 0.0740182715958265 0.0748613426100975 0.0756066255221777 0.0762349693864864 0.0767281590319431 0.0782679643704493 0.0784775340656279 0.0785099859274699 0.0783585100898595 0.0780209838174607 0.0775004995549016 0.0768057305824501 0.0759511330318749 0.0749570266438176 0.0738495846942332 0.073036644310082 0.0717812369429184 0.0705308807631373 0.0693366653056863 0.0692637665558226 0.0684023219075822 0.0677842035098363 0.067438791509147 0.0673576359562546 0.0694729933532057 0.0699604868060639 0.0706404354884273 0.0718110444926384 0.0728319306375171
0.0539154472382904 0.0548874848724367 0.0558422872141167 0.0567802322167615 0.0577034338983251 0.0586156640510601 0.05952211703799 0.0604290377901381 0.0613432656401192 0.064196683878806 0.0651650793663614 0.066158524784724 0.0671811734487336 0.0682354669754265 0.0693218381613738 0.0704384724938672 0.0715811388868934 0.0727430978949245 0.0739150706497063 0.0750852859965616 0.0762396138124745 0.0773617738538215 0.0784336382372131 0.079435631687014 0.0803472243604244 0.0811475271582415 0.0818159672672905 0.0823330575543166 0.0839515936390883 0.0841517681590176 0.0841566068006582 0.0839594330093393 0.0835587886711894 0.082959014713188 0.0821706466975358 0.0812105984916717 0.0801021673563346 0.0788748991000398 0.0779629542083908 0.0765849591411092 0.0752160328321932 0.0749764133184697 0.0738220421047971 0.0728521402205305 0.07211513642216 0.0716364065082876 0.071412028323608 0.0735374656881996 0.0738822735127858 0.0744269683572483 0.0754917781755289 0.0798816560832166
0.0569312643246899 0.058004813969663 0.0590660960535128 0.0601152036162801 0.0611539467085177 0.062185784294206 0.0632155905513175 0.0642492918019669 0.0672130301095431 0.0682973923318102 0.0694037487218366 0.0705371765934124 0.071701354562913 0.0728981742391145 0.0741274171692278 0.0753864992915239 0.0766702907803484 0.0779710104547872 0.0792781960523454 0.0805787540574503 0.0818571036611574 0.0830954040313649 0.0842738824494528 0.0853712634069665 0.0863653066902583 0.087233439021056 0.0879534947272575 0.0898132061882868 0.0902148818113913 0.0904127523835095 0.090395178855487 0.090155508115889 0.0896928769020055 0.089012841691206 0.0881278003729933 0.0870571437791644 0.0858271650150119 0.084470750159143 0.0834499459815647 0.0819348009675289 0.0804301009038183 0.0801592764221328 0.078876492335949 0.0777751888350121 0.0768985672115411 0.076269745726154 0.0766824534820682 0.0765183354325653 0.0765601198362506 0.0789524863456035 0.0795456849047042 0.0840392524648409
0.0601299915206791 0.0613157334387369 0.06249485259313 0.0636671566696059 0.0648341529159276 0.0659989846464376 0.0671662086699078 0.0702460904859593 0.0714629289149517 0.0726992044271917 0.0739605330303967 0.0752515386423961 0.0765753785156061 0.07793333092929 0.0793244535432034 0.0807453075095989 0.0821897636647811 0.0836488902531754 0.08511091757405 0.0865612954932757 0.0879828491563056 0.0893560183974561 0.0906592191802813 0.0918693032493262 0.0929621258665283 0.0939132383741038 0.0946986738305287 0.0966829479917731 0.0971127287949781 0.0973170754149539 0.0972836941060765 0.0970057916792695 0.0964829673589329 0.0957219118687061 0.0947368437366622 0.0935496313503141 0.0921895820446301 0.0906929374586392 0.0895507818103828 0.087881522159251 0.0862215247255856 0.0859071337995477 0.0844720980165853 0.0832151401848712 0.0821761642121827 0.0813771740411943 0.0816634376673291 0.0813149597089903 0.0811748356325583 0.0835705559235637 0.0876870383174245 0.0885910412935805
0.0635113025225527 0.0648211696446497 0.0661308061044859 0.0674397265549417 0.0687491308600861 0.0700618488876218 0.0732612330325816 0.0746260430785283 0.0760087608478128 0.0774150961906151 0.0788502368296319 0.0803183203759325 0.0818219360112162 0.0833616912752146 0.084935844002756 0.0865400143001634 0.0881669751396078 0.0898065258969474 0.0914454639802693 0.0930676406890887 0.0946541283809471 0.0961834836249346 0.0976321276773486 0.0989748403460399 0.100185367740779 0.101237156276616 0.10352907725646 0.104231037367836 0.104701827844134 0.104923340232797 0.104882378787336 0.104571781891311 0.103991421094201 0.103148986079098 0.102060439829499 0.100750111726439 0.0992503604203374 0.0976008572645071 0.0963223052428972 0.0944797866515353 0.0940082390912879 0.0922702245920413 0.0906572152398262 0.0892184418036811 0.0879919375613863 0.086999427245863 0.0871364065289509 0.0865811969946909 0.0862367436807701 0.0886262282437804 0.0928410359702513 0.0935535860958546
0.0670742503095404 0.0685214873482318 0.0699756938122595 0.0714360765067001 0.0729035198135516 0.0743805415155387 0.0777492910645922 0.0792937287973971 0.0808614352908564 0.0824577219597739 0.0840873318380165 0.0857538862932716 0.0874593636226577 0.0892036433301959 0.0909841161816188 0.092795373799034 0.0946289895151381 0.0964733782219742 0.0983137707819556 0.100132271029796 0.1019080368125 0.103617561321396 0.105235078088953 0.106733081012645 0.108082976078324 0.109255850909082 0.11172974028401 0.112512583249046 0.113039633371871 0.113291137420878 0.113252679061994 0.112916435131006 0.11228229739282 0.111358755746736 0.11016340924277 0.108723018712547 0.107073047427711 0.105803614631878 0.103824171526847 0.101787206087157 0.101241444700294 0.0993013784381197 0.0974824863866714 0.0958334174616891 0.0943914649108909 0.0941569467986434 0.0931383547700793 0.0923501398670062 0.0947044034866019 0.0945658456655088 0.0984504931010671 0.102815046843564
0.0708176981121011 0.0724168989210754 0.0740311168951711 0.0756592342276216 0.0773018133164084 0.0807948721213642 0.082514295200111 0.0842582422787459 0.0860316610962516 0.0878394641171449 0.0896859379636821 0.0915741656064189 0.0935054791689622 0.0954789809481592 0.0974911251045328 0.0995353937489869 0.101602058221005 0.103678031187186 0.105746843150353 0.107788700153154 0.109780677767888 0.111697018869682 0.113509563206566 0.115188295285398 0.116702026456278 0.119557938100187 0.120698183889827 0.12158190255994 0.122182977083999 0.12247963057855 0.122455840935152 0.122102750161116 0.121419946382995 0.120416466139769 0.119111381777323 0.11753384166966 0.115722487074552 0.114301884142691 0.112117494910065 0.111455067652271 0.109225274350017 0.107054562672305 0.104999494693942 0.103109072786554 0.101420804352958 0.100988342829727 0.0997063824070736 0.0986550169084471 0.101013944342656 0.104504199622705 0.104533885964617 0.108832264413987
