R/Data/side_v1_12_3.asc
NCOLS 365 
NROWS 740 
XLLCORNER 0.791666667335165 
YLLCORNER 6.2083333340009 
CELLSIZE 0.00833333332967033 
NODATA_value -9999 
[rows 161 to 183 of 740, columns 0 to 51 of 365]
-9999 -9999 -9999 -9999 -9999 -9999 -9999 -9999 -9999 -9999 -9999 -9999 -9999 -9999 -9999 -9999 -9999 -9999 -9999 -9999 0.9105166740109 0.909583578980415 0.908666632964769 0.907771434272876 0.906903205393651 0.906542057147014 0.905730962004824 0.904953636345337 0.90421064471677 0.903501095519277 0.901749953846757 0.901051462538774 0.900375784804246 0.899719204123935 0.899078850742343 0.898086263432668 0.897470895671301 0.89687273101006 0.896296414272223 0.895748897125022 0.89558727123884 0.895160040269413 0.894793769890112 0.894502365922999 0.894300686403688 0.900564652927854 0.900437514945912 0.900434054983251 0.90056521405938 0.900840465725044 0.900339622745258 0.900902433998531
-9999 -9999 -9999 -9999 -9999 -9999 -9999 -9999 -9999 -9999 -9999 -9999 -9999 -9999 -9999 -9999 -9999 -9999 -9999 -9999 0.910538089865261 0.909597169839346 0.908671028592971 0.907765358970417 0.906885501792762 0.906499906073162 0.905674948412081 0.904882628613669 0.904123307205392 0.90339574278302 0.90165610900761 0.90093420636884 0.900231452801783 0.899543521393535 0.898867049410128 0.897841435277399 0.89717895602527 0.896528336030979 0.895894464130965 0.895284733212804 0.895068498684521 0.894573050866091 0.894136394717104 0.893773560433074 0.893500676367757 0.899597445409864 0.899419555089865 0.899369620305443 0.899459802680344 0.899700772818219 0.899119517476428 0.899661335844697
-9999 -9999 -9999 -9999 -9999 -9999 -9999 -9999 -9999 -9999 -9999 -9999 -9999 -9999 -9999 -9999 -9999 -9999 -9999 -9999 0.910569090396158 0.909621152381536 0.908686561379889 0.907771098906375 0.906880233706091 0.906470490061258 0.905632210728127 0.904825406009983 0.904050223173826 0.903305037689565 0.90157780674039 0.900832636867591 0.900102682887262 0.899382953659951 0.898669538587822 0.897609911856848 0.896898645550905 0.896193448814582 0.895499454701576 0.894824505230364 0.894550122499918 0.893982673404716 0.893471477536757 0.893032732187018 0.892683887323407 0.898605517358513 0.898372483789634 0.898271684625625 0.898316603682446 0.898519209046562 0.89784994116058 0.898367003783903
-9999 -9999 -9999 -9999 -9999 -9999 -9999 -9999 -9999 -9999 -9999 -9999 -9999 -9999 -9999 -9999 -9999 -9999 -9999 -9999 0.910609757180718 0.909655682114977 0.908713450037321 0.907788936499391 0.906887737555662 0.906454209757036 0.905603206306527 0.904782487848004 0.903991977261474 0.903229636672963 0.90151573303445 0.900747502309264 0.899990276813797 0.899238332525322 0.898487164215806 0.89739253020658 0.896630781987498 0.895868854196188 0.89511212055198 0.894368879217281 0.894032703795115 0.893389357794763 0.892799331503361 0.892280026752162 0.891850264200521 0.897588596906803 0.897295755923795 0.897139405757403 0.897134454146443 0.897294283135149 0.896528823247915 0.89701699952144
-9999 -9999 -9999 -9999 -9999 -9999 -9999 -9999 -9999 -9999 -9999 -9999 -9999 -9999 -9999 0.915950300291215 0.915029170625962 0.914093336628669 0.913146081939354 0.912191254766897 0.911062737826659 0.910079367970147 0.909102159458062 0.908136672767762 0.907188276489707 0.904475048398105 0.903554743220048 0.90266921264062 0.901817487343113 0.900995884526774 0.907537958648125 0.906667181110463 0.905792399184895 0.904912117741688 0.904025730267979 0.892519289766458 0.891805439153648 0.891069367209019 0.890315629359929 0.889553040528978 0.890785528377362 0.889931435078441 0.889121905392629 0.888378420791847 0.887724562598329 0.886542849312678 0.886072712122206 0.88577783262079 0.885683907010765 0.885814509104793 0.890302138444495 0.890936159708517
-9999 -9999 -9999 -9999 -9999 -9999 -9999 -9999 -9999 -9999 -9999 -9999 -9999 -9999 -9999 0.9159946363093 0.915076161564289 0.914142008341146 0.913195271892908 0.912239624743018 0.911121209595801 0.910134304377511 0.909151918121259 0.908179649881481 0.907222972566803 0.904565593253827 0.903635039337619 0.902737981663373 0.901873167783439 0.901036329624647 0.9073119420787 0.906415340582385 0.905510711728466 0.904596008076132 0.903670154487773 0.89256773176055 0.891791968373327 0.89098473300888 0.890150851303021 0.889299660955502 0.890314174142735 0.889364577436042 0.888454640667872 0.887607221791077 0.88684752608157 0.885492101331653 0.884916670062008 0.884520979017578 0.884333210401844 0.884379477726969 0.888897337932419 0.889484218624574
-9999 -9999 -9999 -9999 -9999 -9999 -9999 -9999 -9999 -9999 -9999 -9999 -9999 -9999 -9999 0.916042655048085 0.915127865783452 0.914196485946822 0.913251405449484 0.912296094314024 0.911188769487381 0.910199468708603 0.909212980551418 0.908234924973508 0.907270881337217 0.904670696090706 0.903730766985945 0.902823053439909 0.901946016192563 0.901094763636656 0.907099412062394 0.906177125227621 0.905242521995124 0.904292940000738 0.903326795707483 0.892632929779373 0.8917934601596 0.890912744519805 0.889995890315454 0.889052746231701 0.889845526411307 0.888795950487226 0.887780567683082 0.886823626908261 0.885951982491206 0.884415688865165 0.883727870771752 0.883224021363626 0.882934966827058 0.882889551760582 0.887436914939435 0.887971062290906
-9999 -9999 -9999 -9999 -9999 -9999 -9999 -9999 -9999 -9999 -9999 -9999 -9999 -9999 -9999 0.91609398074391 0.915183940032595 0.914256474474647 0.913314247164378 0.912360500479373 0.911265313847396 0.910274846304526 0.909285418431216 0.908302653869785 0.907332229656676 0.904790576025988 0.903842199465838 0.902924756633162 0.902036431711426 0.901171654632192 0.906901150093556 0.905953385398899 0.904988731151254 0.904003856160973 0.902996619758103 0.892715100613746 0.891810104319116 0.890853585502611 0.889850922058429 0.888812458830233 0.889380025406032 0.888225934399446 0.88709997728989 0.886027787122186 0.885037897974302 0.883313421937269 0.882505814022702 0.881886081114534 0.881487862003043 0.881342933168192 0.88591882087314 0.886394175992625
-9999 -9999 -9999 -9999 -9999 -9999 -9999 -9999 -9999 -9999 -9999 -9999 -9999 -9999 -9999 0.916148184288505 0.915243985263331 0.914321619921191 0.913383504957026 0.912432627302944 0.911350684787306 0.910360373295323 0.909369265404783 0.908382956155952 0.90740721493121 0.904925424878942 0.903969578766778 0.903043390564389 0.902144775035795 0.901267437807424 0.906717932458969 0.905744960915718 0.90475023156347 0.903729684716716 0.902680576871675 0.892814349082031 0.891841979613577 0.890807317184004 0.889716016207974 0.888578888971553 0.88891806640698 0.887654887716808 0.886413149859309 0.885219869377731 0.884105263312587 0.882185162583994 0.88125004561603 0.880506324103527 0.879990616263776 0.879737836924908 0.884340987886193 0.884750996708497
-9999 -9999 -9999 -9999 -9999 -9999 -9999 -9999 -9999 -9999 -9999 -9999 -9999 -9999 -9999 0.919744131852397 0.918976055135522 0.918186639092566 0.917376120782198 0.91654485952754 0.916124672063879 0.915272558614838 0.914401342191251 0.913512051451433 0.91260586669094 0.904096313342195 0.903106551904618 0.902146669058248 0.901213134704567 0.900296890806821 0.900712157940033 0.899725731286626 0.89870946988918 0.897650009846198 0.896536901779312 0.897974074543544 0.896739301344029 0.895458255711893 0.89413804785171 0.892789640139717 0.891532484949322 0.890195491160346 0.888886925462217 0.887632277340385 0.886460005771116 0.888627427295641 0.887856733310853 0.88724992668718 0.886836116976458 0.886643054621311 0.889633390379411 0.88991860859528
-9999 -9999 -9999 -9999 -9999 -9999 -9999 -9999 -9999 -9999 -9999 -9999 -9999 -9999 -9999 0.91939811895556 0.91891194826261 0.918126392500789 0.917319322053363 0.916490871803678 0.916057471802859 0.915205844208028 0.914333744227649 0.913441974817346 0.91253153040617 0.904340400238215 0.903347980556945 0.902384067818642 0.90144489548936 0.900520473401027 0.90084958699698 0.899844051091341 0.8988013541981 0.897706833007729 0.896549133397441 0.897799343348724 0.896503453611358 0.895152115836706 0.893752549184782 0.892315994062522 0.890969419987662 0.88952868809379 0.888109766999301 0.886739372018058 0.885447498988812 0.887528577687134 0.886647504231855 0.885933028620309 0.885416757784961 0.885129085900851 0.888081199348062 0.8883032843199
-9999 -9999 -9999 -9999 -9999 -9999 -9999 -9999 -9999 -9999 -9999 -9999 -9999 -9999 -9999 0.919324998780699 0.918849509043648 0.918068816304343 0.917266308808127 0.916441887921983 0.915996436568289 0.915146612684885 0.914274970111495 0.913382041881544 0.912468609210836 0.904598119385236 0.903604233743153 0.902637475239022 0.901693903466626 0.900762531951501 0.901006344715271 0.899982340195183 0.898913374231504 0.897783447831173 0.896580318550518 0.897642141004608 0.896283477481493 0.894859747042982 0.893378249258202 0.891850470447536 0.890410622059713 0.888861946684787 0.887327825092075 0.885836166662689 0.88441849688562 0.886406531261614 0.885408025661477 0.884578393329206 0.88395187077101 0.883561676674307 0.886469332165488 0.886621238260561
-9999 -9999 -9999 -9999 -9999 -9999 -9999 -9999 -9999 -9999 -9999 -9999 -9999 -9999 -9999 0.919252397834845 0.918509045716169 0.91801345453142 0.917216660097528 0.916397539228857 0.915941292046339 0.91509468146103 0.914224940759543 0.913332292726332 0.912417258992587 0.90486939928828 0.903875284304582 0.90290689823378 0.901960206249498 0.901023153947755 0.901182604326869 0.900140747324859 0.899045611907421 0.897879848048278 0.896630374596246 0.897502718472495 0.896079618124465 0.894581409661382 0.893015450172328 0.891393416573011 0.889856437137684 0.888195649682654 0.886541486795346 0.884923007775845 0.883373247486897 0.885261290270399 0.884138051653998 0.883185454643269 0.882440497323817 0.881939396800159 0.884795819656151 0.884869941966469
-9999 -9999 -9999 -9999 -9999 -9999 -9999 -9999 -9999 -9999 -9999 -9999 -9999 -9999 -9999 0.919179811161683 0.918442989547302 0.917959780986812 0.917169873143815 0.916357368764566 0.915891676891255 0.915049778603652 0.914183498447728 0.913292694124743 0.912377576763839 0.905154120998991 0.9041610634345 0.903192293870655 0.90224379468777 0.901302370345584 0.90137846117964 0.900319306307847 0.899197990751844 0.897995837325437 0.89669900296334 0.89738113963836 0.895891936304052 0.894317197667496 0.892664299375367 0.890945056027019 0.889307118896032 0.887530108850622 0.885751099267068 0.884000234475414 0.882312025714399 0.884092890724483 0.882837396767062 0.881753715438757 0.880881741047233 0.880260878305992 0.883058725896399 0.883046871659393
-9999 -9999 -9999 -9999 -9999 -9999 -9999 -9999 -9999 -9999 0.921136098011092 0.920405089060619 0.919653333247126 0.918881168830168 0.918088826907426 0.916176207693646 0.915261352920832 0.914327498213737 0.913645002187853 0.912664099688306 0.912451685663125 0.911447141596365 0.910425746449798 0.909390480774914 0.908345606379967 0.909041516364975 0.908035011044968 0.907023165069628 0.906003550872017 0.904967709970477 0.90429011408041 0.903238635706898 0.902130576611724 0.900952029790093 0.899692840115997 0.900803607878089 0.899441611446024 0.898011751904229 0.89652090904885 0.894979497308876 0.894013478622227 0.892455963422332 0.89090288313976 0.889378882989898 0.887912137027602 0.886356336763725 0.885095918032982 0.883994953799681 0.883091003680564 0.882421439764943 0.882021987285395 0.881925078015776
-9999 -9999 -9999 -9999 -9999 -9999 -9999 -9999 -9999 -9999 0.921103132719723 0.920381254260923 0.919639550494889 0.918878397313503 0.918098028626098 0.916269610369917 0.915372426250901 0.914457018275996 0.913798854457701 0.912837173790726 0.912601787161448 0.911613920294343 0.910607522859078 0.909584889212215 0.908549739982841 0.909153539490058 0.908148506816781 0.907135901948002 0.90611330486919 0.905071272614367 0.904366018893205 0.903296199590088 0.902161289206915 0.900946384805551 0.89964080825032 0.90059742252937 0.899173007828445 0.897671549174118 0.896099883219827 0.894468460175432 0.89339605193689 0.89173299174448 0.890066473896839 0.888421991190503 0.88682890435818 0.885146832825267 0.883752464748377 0.882517626044208 0.881482692116313 0.880688195887075 0.880173256536772 0.879973811567672
-9999 -9999 -9999 -9999 -9999 -9999 -9999 -9999 -9999 -9999 0.921064199508618 0.920351617424792 0.919620229112078 0.918870469039813 0.918102595816406 0.916356834600599 0.91547824016279 0.914582445654189 0.913949722518509 0.913009005465192 0.912753200615431 0.911784245368295 0.910795277162405 0.909787776375681 0.908764745408249 0.909278786566932 0.908276928426694 0.907265058548035 0.90624090628947 0.905193945548205 0.904461924824679 0.903373889807079 0.902211630878363 0.900959398292607 0.899606143833583 0.900406099830261 0.898917615264424 0.897342644674278 0.895687919448773 0.893963837632024 0.892781557378722 0.891009195578679 0.889224793979362 0.887454611957839 0.88572914552814 0.883913950234179 0.882377898522422 0.881000669395545 0.87982556562302 0.878896447873382 0.8782560581834 0.877944110142712
-9999 -9999 -9999 -9999 -9999 -9999 -9999 -9999 -9999 -9999 0.921018777761447 0.920315593452983 0.919594714018436 0.918856654624845 0.918101720191655 0.916436844195471 0.915577654439703 0.914702539949232 0.913810954329941 0.913178151728102 0.912904530148497 0.911956765615983 0.910987782607405 0.909998137484111 0.908989908859881 0.909416978530241 0.908420190278431 0.907410644810746 0.906386405943773 0.905335749714996 0.90457775858679 0.903471332372642 0.902280903950592 0.900990119751483 0.899587754464218 0.900228872813262 0.898674724688897 0.89702444628711 0.895284585618157 0.89346538222967 0.892169943578021 0.890284684470309 0.888378079621267 0.886477063588836 0.884613194900926 0.882657948111359 0.880972330616936 0.87944394473206 0.878119131096725 0.877045237534593 0.876268861970045 0.875833777552639
-9999 -9999 -9999 -9999 -9999 -9999 -9999 -9999 -9999 -9999 0.920966347059701 0.920272597629781 0.919562347096742 0.918836211371435 0.918094569640967 0.916508566745565 0.91566947207799 0.91481597756125 0.913947318220863 0.913342983510247 0.913054148952818 0.912129848341883 0.911183497062317 0.91021464461263 0.909224238617419 0.909567661983846 0.908578121872451 0.907572616599325 0.906549795787133 0.905496583548187 0.904713195399122 0.903587747328036 0.902367905207907 0.901037058722344 0.899584025721692 0.900064539707017 0.898443251955866 0.89671606194641 0.894889215709611 0.89297267426139 0.891561052757172 0.88955951455318 0.887526563330998 0.885489702872501 0.883481464695532 0.881379202803811 0.879536024224976 0.877847494069415 0.87636308711705 0.875133810820129 0.874210342941231 0.873640814610756
-9999 -9999 -9999 -9999 -9999 -9999 -9999 -9999 -9999 -9999 0.921517491049144 0.920826744023833 0.920122219541325 0.919404371724568 0.918673403913796 0.917891095880905 0.917155483849343 0.916404605670759 0.915637447586227 0.91485269676443 0.915823482908992 0.915067400491661 0.914286378423426 0.913478154531321 0.912640831565668 0.911773353213579 0.910876035499525 0.909950262812576 0.908994777185774 0.907999516335516 0.9068175891642 0.905694573245051 0.904479637187984 0.903161451567783 0.901732614859929 0.900189167802751 0.898530351119748 0.896758585724386 0.894879639122863 0.89290291862375 0.89084187228321 0.888714435268892 0.886543456744553 0.884357078695337 0.882188950875386 0.880078253873746 0.878069432398765 0.876211576163218 0.874557381380327 0.873161669641596 0.872079435429451 0.871363473551314
-9999 -9999 -9999 -9999 -9999 -9999 -9999 -9999 -9999 -9999 0.921429983695526 0.920747391895896 0.920052384833074 0.919345546960682 0.918627188769511 0.917856873715458 0.917136493799795 0.916402343097586 0.915653315928354 0.91488793478064 0.915799974054273 0.915060432869922 0.914296202240863 0.913504451448094 0.91268244863191 0.911827933633854 0.910939821155323 0.910018714916459 0.909063529674742 0.908062667597875 0.906877586021322 0.905730870228136 0.904482839867378 0.903122645603738 0.901643076397184 0.90004005416218 0.898312466607409 0.896462226564367 0.894494507023299 0.892418125023986 0.890246020197378 0.887995791876653 0.885690227565675 0.883357764247126 0.881032808876985 0.878755847115201 0.876573255030462 0.874536722360604 0.872702249369707 0.871128623535163 0.869875391314033 0.869000322377172
-9999 -9999 -9999 -9999 -9999 -9999 -9999 -9999 -9999 -9999 0.921334107218679 0.920659496808417 0.919973888258811 0.919278016567339 0.918572312125421 0.917814999696434 0.917110180316133 0.916393237595558 0.915663006869439 0.914917886089542 0.915490260147207 0.915051146298434 0.914305419453234 0.913532437813534 0.912728819243339 0.911891150302464 0.911016405001626 0.91010312736191 0.909149751063329 0.908142665568989 0.906951953784912 0.905778645535794 0.904495194431087 0.903091404009392 0.901560120458492 0.899896938389475 0.898100178733716 0.896171042373852 0.894113914191797 0.891936835316797 0.889652058048589 0.887276674748571 0.884833242942902 0.882350351663911 0.879863038892563 0.877413002563214 0.875048487587267 0.872823792212362 0.870798280626919 0.869034855678547 0.867597844768073 0.866550312565418
-9999 -9999 -9999 -9999 -9999 -9999 -9999 -9999 -9999 -9999 0.921229399633641 0.920562530745981 0.919886128705495 0.919201088217342 0.918507980844091 0.917764586921497 0.917075513039092 0.916376085505291 0.915665099853876 0.914940856792055 0.915455685063937 0.915037183802095 0.91431116844628 0.913558697768309 0.912776123674354 0.911959421545622 0.911103718704656 0.910203348320338 0.909253265935482 0.908236990105867 0.907035897370008 0.905832339857466 0.904511393926424 0.903063098602648 0.901479912237861 0.899756770978316 0.897891172415529 0.895883386663378 0.893736824217846 0.89145856024656 0.889059979173058 0.886557492594982 0.883973267304374 0.881335887453051 0.878680890438773 0.876051074612832 0.873496492465113 0.871074031951365 0.86884647812354 0.866880980546428 0.865246876197086 0.864012854733899
