R/Data/side_v1_12_5.asc
NCOLS 365 
NROWS 740 
XLLCORNER 0.791666667335165 
YLLCORNER 6.2083333340009 
CELLSIZE 0.00833333332967033 
NODATA_value -9999 
[rows 161 to 183 of 740, columns 52 to 103 of 365]
0.0245931160950824 0.0245848312102642 0.024537266751285 0.0247555361889275 0.02462840847677 0.0244628292344402 0.0242615806609649 0.0240281886014062 0.0236985466233388 0.0232720979505259 0.0229491345407359 0.0227546918722093 0.0224215959796295 0.0219758814302181 0.0216430384669483 0.0213217867409828 0.0210177289835733 0.0205584654340766 0.0200544858162149 0.0200171155287375 0.0198940091945115 0.0198121801171327 0.0197757707074624 0.0199959382599541 0.0198165556281733 0.019960418695219 0.0201664217494495 0.0204387695693961 0.0205877814718557 0.0215686810828921 0.022060262260046 0.0226487399928474 0.0226540781780224 0.0241045411732555 0.0250377540661714 0.02609194243806 0.0272775136747489 0.0286057922116867 0.0301897315472245 0.0318514148592388 0.0336938547694971 0.0357309353852235 0.0380710172780196 0.0403080829877355 0.0430028586262962 0.0459465483989976 0.0490947988864212 0.053236716972692 0.0576699178932167 0.0617798044104023 0.0661638588592182 0.0708134317562568
0.0249456572426896 0.0249365195043074 0.0248857603376429 0.0251146040746603 0.024978955222748 0.0248024086345956 0.0245878632414784 0.0243390200428254 0.024007920425555 0.0235600923122598 0.0232158344736689 0.0228577860058439 0.0226435697366061 0.0221784008250434 0.0218223364985525 0.0214782744733018 0.0211521123558612 0.0208494188574361 0.0201442092704246 0.0199489974472757 0.0199419169838842 0.0198440050771266 0.0197931051931504 0.0199954708577214 0.0200544675756951 0.0199426603914587 0.020141111827607 0.0204076647400423 0.0205570661918726 0.0215294627791506 0.0220205731644622 0.022611571138795 0.0226390968676159 0.0240875911343829 0.0250275823366181 0.0260907155486696 0.02728761615354 0.0286298697896485 0.0302490277352588 0.0319319882024203 0.0337993919598288 0.0358654889056876 0.0382389723717041 0.040513304644227 0.0432515577883036 0.0461961901530791 0.0494419249265525 0.052960984223367 0.0581126626822797 0.0622903877076539 0.0667471476173076 0.0714738366584678
0.0253116241972965 0.0253019674257558 0.0252482184898235 0.0254883726329839 0.0253440950355003 0.0251563204424318 0.0249280691754943 0.0246632232766163 0.0243305033229393 0.0238603333221469 0.0234938305409508 0.0231124628678898 0.0228748422937511 0.0223892553964709 0.0220088536713229 0.0216408875278031 0.0212915666748777 0.0209667386188752 0.0202375036790688 0.0200236574570051 0.0198486246124369 0.0198774389215619 0.019811533328674 0.0199956816934906 0.0200431226139609 0.0199251572355221 0.0201160281796651 0.0203768654587477 0.0210851792378737 0.021491035911418 0.0219930474851325 0.0225759266426896 0.0226257042422962 0.024072819750653 0.0250200583484612 0.0260926432977078 0.0273014237481825 0.0286582525875439 0.0303135355033841 0.032018517974678 0.0339117044042855 0.0360993237849752 0.0384156536808046 0.0407282865404628 0.0435111860139631 0.0465012482972905 0.0498022916313448 0.0533823540123001 0.0581827426082918 0.0628195197365018 0.0673501299525998 0.0721548975781669
0.025691529040692 0.0256817316606946 0.0256252366582013 0.025877492450059 0.0257244997961259 0.025525250315135 0.0252828872778307 0.0250014815655029 0.0246669873260938 0.0241734764255586 0.0237837438052418 0.0233779952806791 0.0231159616021403 0.0226089578372472 0.0222030501913759 0.0218100333719073 0.0214364496360675 0.0210884381095983 0.0203346303354107 0.020101311070485 0.0199083477547583 0.0197602887384022 0.0198311601063749 0.0199966540523041 0.0200322597124452 0.0199079832341161 0.0200912587563249 0.0203464836833233 0.0210493213027172 0.0214535849697691 0.0219571074103104 0.0225420655346169 0.0232263035174599 0.0240605371446969 0.0250155221758291 0.0260980946012426 0.0273193329440593 0.0286913642870847 0.0303837125934589 0.0321114883978982 0.0340313049233106 0.0362498230795461 0.0386016364289125 0.0409536292398187 0.043736920352095 0.0468189015598612 0.0501765347163215 0.0538189007926992 0.0586811167131333 0.0629500285991843 0.0679732827482048 0.072857011083557
0.0263714484772875 0.0263408809275958 0.0262562624979047 0.0260537540840942 0.0258565758088986 0.0256105120519019 0.0253192936015694 0.0249876287412048 0.0245480365691598 0.0240282217281726 0.0236158879374025 0.0231895627761276 0.0227564646357127 0.0223773481304421 0.0220180635726537 0.0216722336315497 0.0213458531419593 0.0210446745452818 0.0207317974445741 0.0203172920489183 0.020136256888399 0.0200017194514859 0.0199183779627654 0.0202677714945917 0.0203383561303145 0.0202551213154702 0.020479477191207 0.0207796432673237 0.021791757599994 0.0222749977728796 0.0228420779196577 0.023510907895324 0.0242890024908725 0.0245896158358368 0.0256091984362824 0.0267638977551316 0.0280654997340494 0.0295268615344045 0.0311618235650738 0.0329850637715198 0.0351010944821037 0.0373499209141418 0.0398338207968981 0.042568028710596 0.0455166998210205 0.0487800885127467 0.0523297664567253 0.0561730888059207 0.0603137048379217 0.0647508210305019 0.0694785081254922 0.0749839816787854
0.0268288991848426 0.0267983115231179 0.0267104835341715 0.0265049211754613 0.0262977413340165 0.0260384740792219 0.0257310144810836 0.0253803173942183 0.0249182123502663 0.0243731299441437 0.0239358427221688 0.0234833869072747 0.0230234345100501 0.022603130874956 0.0222194782771396 0.0218495862515977 0.0214997642493866 0.021184747765895 0.0208413629368523 0.0205706236619135 0.0202011319304019 0.0200495454693294 0.0199511494022775 0.0201080072557966 0.0203344404635601 0.020245211787018 0.0204625732918538 0.0207579930361302 0.021756004654177 0.0222399514057607 0.0228085128732192 0.023480775015818 0.0242642507039904 0.0245896465761491 0.0256186226730343 0.0267850835258739 0.0281010619103168 0.0295797079388248 0.0312351940101627 0.0330825622305018 0.035226858734428 0.0375082197065799 0.0400293791546458 0.0428058943766212 0.0457972651269082 0.0491131386496193 0.0527207114619776 0.0566272098781515 0.0608359827709515 0.0653457482929914 0.0701499001623026 0.0752358979149007
0.0273040430798503 0.0272739578474996 0.0271832694841988 0.0269749814027 0.0267577432143798 0.026485008159365 0.0261608378885007 0.0257904432058677 0.0253049692091138 0.0247334735265136 0.0242701242342871 0.0237903367198726 0.0233022676348212 0.0228392818305358 0.0224300981521187 0.0220349845430829 0.021660583328408 0.0213199602809128 0.0209556244986031 0.0206636177489927 0.020416719076819 0.0200997305933228 0.0199856231023273 0.0201275925837122 0.0201573852447225 0.0202363085425914 0.0204467145088119 0.0207375861252222 0.0217356551667055 0.0222069816125375 0.0227775480094341 0.023453806951292 0.0242432585299904 0.024593523332225 0.0256324839485951 0.0268113274230564 0.028142339065226 0.0296389708645012 0.0313157370829285 0.0332749361179056 0.0353615928806717 0.0376764554085207 0.0402359172666883 0.0430080783772543 0.0460908206942353 0.049460340511502 0.0531269714857965 0.0570977688803024 0.0613757245728748 0.0659590018026981 0.0708402436351174 0.0760059757916353
0.0277975065159065 0.0277685163656493 0.027675380018271 0.0274647568949169 0.0272374463903295 0.0269510089918302 0.0266096747535303 0.0262189205300663 0.0257092153762697 0.0251101217048646 0.0246195688380871 0.0241112076662547 0.0235937136874369 0.0229192765645657 0.0226505892827142 0.0222290443225088 0.0218288720980749 0.0214614520071075 0.0210750276948973 0.0207606971297308 0.0204933447001374 0.0202784082110528 0.0200220101363884 0.0201486747609719 0.0201673492870919 0.0202584265303401 0.0204320766267244 0.0207186404831794 0.0217046527871319 0.0221764289079761 0.0227495797122912 0.0234304529243218 0.0242265201844174 0.0246017414843945 0.0256513106016289 0.0268431870758928 0.028189916934435 0.0297052629311956 0.0314040902015497 0.033389352076342 0.0355059900770697 0.0378553438672595 0.0404541712360432 0.0432659839612292 0.0463980919218174 0.049822421529536 0.0535492639588291 0.0575854573171418 0.0619335760326179 0.0665911605536019 0.0715500188440426 0.0767956608231796
0.0283099152939649 0.0282826892906602 0.0281875873914629 0.0279750890110794 0.0277377427055229 0.027437405828665 0.0270784770618873 0.0266667108424314 0.0261319109334294 0.0255039949427415 0.0249850685796126 0.0244468548996197 0.0238985826324435 0.0231767480530689 0.0228816868116686 0.022432448534156 0.0220125543647085 0.0216097942231202 0.0212000826791822 0.0208623081280104 0.0205734621078602 0.020339258374767 0.0201651736405048 0.0201714577328961 0.020178632771793 0.0202612006603278 0.0204234593329769 0.0212394422394806 0.0216758754196502 0.0221486869621376 0.0227250654953686 0.0234112253425106 0.0242145970784506 0.0246148593355519 0.0256756950523077 0.0268812847686253 0.0282444447897351 0.0297792571291828 0.0315857732059041 0.0335132443636665 0.0356608004450578 0.0380456532770845 0.0406392783108044 0.0435372292615736 0.0467198419089894 0.0502001366865579 0.0539883263706267 0.0580909796144693 0.0625101906991986 0.0672427956515399 0.0722796869710426 0.0776052669796558
0.0283509361140894 0.0283214211615471 0.0282274882722319 0.0278999523264832 0.0276840003154334 0.0274090011008674 0.0270789222349563 0.0266990211634941 0.0261357024611695 0.0256785877240303 0.0251937436730922 0.024689730476921 0.0241753444656476 0.0236387277121559 0.0231291948745426 0.0228256397598216 0.0223695537342641 0.0219342723839889 0.02153702278921 0.0211845200843092 0.0208832172020918 0.0206393808504269 0.0204591169176981 0.0203482901753529 0.0207387162630939 0.0203246382586961 0.0204793467232243 0.0212760539883068 0.0216497081993042 0.022124217637665 0.0227045369217021 0.0233967172140065 0.0242081340964567 0.0246335118405083 0.0257063060012225 0.0269263195181229 0.0283066461027875 0.0298617005732834 0.0316923206806789 0.0336474119652434 0.0358268394608483 0.0382482151482563 0.0408784503475078 0.0438226216541627 0.0470568733673862 0.0505942790271914 0.0544449271996001 0.0586150624902105 0.0631062290595049 0.0679144754068749 0.0730296907148503 0.0784350730500088
0.0288569975685574 0.0288308594372807 0.0287365862475457 0.0283966532842528 0.0281727237667145 0.027885863436995 0.0275401758074667 0.0271411637288844 0.0265526444238275 0.0260706822676801 0.0255587863027846 0.025026044463013 0.0244817960366557 0.0239153812786119 0.02337524754885 0.0230516261946626 0.0225558299659083 0.0220920723974759 0.021667737049636 0.0212898353825081 0.0209651196544706 0.0207001857730787 0.0205015136901494 0.0203753767801053 0.0207433255600915 0.0208072729585203 0.020962223085181 0.0212531029030094 0.0216266055258574 0.0221035650691101 0.0226886165967096 0.0233876170089902 0.0242078729691018 0.0246584242439671 0.0257439018465328 0.0269790753331514 0.0283773292785224 0.0300364607080485 0.031809112954491 0.0337927276294138 0.036004992795927 0.0384201807533195 0.0411315275248935 0.0441230129119823 0.0474100288905615 0.0510056677398649 0.0549198529591015 0.05915844100633 0.0637223486865535 0.0686067566884508 0.073800444068237 0.0792853120505461
0.0293820943040084 0.0293602503024796 0.0292663679649862 0.0289142455946871 0.028682623310727 0.028383944076776 0.0280224416819031 0.0276038731749449 0.0269892103802693 0.0264815376686867 0.0259415616430979 0.025378934484268 0.0248035713537291 0.0242060565475416 0.0236339747494805 0.023279027880932 0.022752327470987 0.022258754987116 0.0218060208715937 0.0214014431171099 0.0210520861553492 0.0207648994888846 0.0205467872701076 0.0204045104873416 0.020344349388918 0.0208040375783788 0.0209535833455354 0.0212329953283524 0.0216071113756882 0.0220873756030501 0.0226780388143963 0.0233847299963255 0.0242146762408976 0.0246904294274967 0.0257893459413846 0.0270404400147485 0.0284573990430364 0.0301389615501473 0.0319370978803142 0.0339501465431075 0.0361962211538915 0.0386450042583027 0.0413994206955274 0.0444393022100065 0.0477801873331099 0.0514351551623234 0.0554139103573216 0.0597218579349138 0.0643592084492774 0.0693201731112586 0.0745923253296501 0.0801561626444371
0.0299268035150022 0.0299102726863349 0.0298176114562341 0.0294535934480235 0.0292146442552702 0.0289042549829496 0.028526786753812 0.0280882564919366 0.0274465019154986 0.0269122678012456 0.0263431851879172 0.0257495077837407 0.0251417627370125 0.0245118260001315 0.0239064213622813 0.023519068815899 0.0229600686246586 0.0224352922402082 0.0219527862934638 0.0215201806286212 0.0211448626739561 0.0208341600516009 0.0205954555180666 0.0204360965727408 0.0203629655561277 0.0203817474610587 0.0209471474241213 0.0211941476350461 0.0215918836499788 0.0220764275023109 0.0226736794553338 0.0233890088842947 0.0242295541156827 0.0247304902795206 0.0258436272450799 0.027111420649374 0.0286294457053725 0.0302528397067399 0.0320773209774951 0.0341207138954485 0.0363594967156705 0.0388845887488542 0.0416830951975585 0.0447724336659101 0.0481682666102237 0.0518836181188107 0.0559279221415167 0.060306061172528 0.0650174490622417 0.0700552304538948 0.0754056662306818 0.0810477378157731
0.0304916816082163 0.0304815950617795 0.0303910924287495 0.0300155699647931 0.0297697495089975 0.0294478374619526 0.0290543166826055 0.0285954708654136 0.0279256770860392 0.0273640530644805 0.026764849866073 0.0261389605350381 0.0254975635493242 0.0248338737741794 0.0241937576000611 0.0237729582642743 0.0231802346732413 0.0226228255479991 0.022109117486476 0.0216470560092349 0.0212443575022776 0.0209087510433005 0.0206481561428717 0.0204706268859627 0.020383824400317 0.0203939840173215 0.0205049521532768 0.0211903179414983 0.0215817289182161 0.0220716667949888 0.0226765950679823 0.0234015905937587 0.0242536979402756 0.0247797274984461 0.0259078833650397 0.02719316095889 0.028732268629352 0.0303792566255087 0.0322309343837276 0.0343055708157115 0.0365749653305746 0.039139980953506 0.0419835703125084 0.04512339541608 0.0485752130061058 0.0523519529329687 0.0564627167745049 0.0609117869592978 0.0656976900852583 0.0708123977356336 0.076240737900347 0.0819600702415509
0.0308551564443092 0.0308517377132896 0.030765659894675 0.0305955409541301 0.0303419124785176 0.0300073323090288 0.0295964016368552 0.0291156751843475 0.0284157085350637 0.0278247728611752 0.0271934034150892 0.0265331696303525 0.0258559402671907 0.0251735121744122 0.0246969654098964 0.0240420795735818 0.0234142004723932 0.0228227045111819 0.022276318821386 0.0217832993294344 0.0213516939563107 0.0209896509335795 0.0207056887521628 0.0205087107335479 0.0204073984918473 0.020408762597709 0.0205166256470105 0.01996229089316 0.0210670215354348 0.0220742665515536 0.0226880793979863 0.0234238495976289 0.0242885294096739 0.0248394521735424 0.0259834289537001 0.0273674425895451 0.0288481288099216 0.0305195056613576 0.032399205915911 0.034465314420515 0.0368064436676744 0.0394122891334631 0.0423019162936403 0.0454932123933591 0.0490020009444776 0.0528410684944212 0.057019121641023 0.0615397603667782 0.0664005211737013 0.0715920880929022 0.0770977410033089 0.0828930975965582
0.0314536477092218 0.0314591314881781 0.0313773989948273 0.0312067027975875 0.0309473483305439 0.0306018254643995 0.0301748411192404 0.0296732268836815 0.0289433068684157 0.0283233872057934 0.0276599102142936 0.0269651656490298 0.0262517568992542 0.0255321871246935 0.0250201079006927 0.0243280167071093 0.023663570107953 0.0230365380128568 0.0224559745239723 0.0219304337216369 0.0214682850202719 0.0210781067646414 0.0207690756406394 0.020551116788368 0.0204342613628697 0.0204266425620691 0.0205320729280224 0.0200027267924696 0.021092628144926 0.0215832799068152 0.022709740991109 0.0234574664638423 0.0243357547388202 0.0249112063443673 0.0260717814876747 0.0274758787562453 0.0289785014625408 0.0306750173965251 0.032583522696232 0.0346772583355102 0.037055150693135 0.0397026797775591 0.0426392447605409 0.0458829385161912 0.0494496181794433 0.0533518745534451 0.0575979506868206 0.0621906704410124 0.0671264779312256 0.072394647373206 0.0779767855462436 0.0838466441911592
0.0320735386266316 0.0320894204927569 0.0320133369289881 0.0318431288297821 0.031578835472428 0.0312228560373432 0.0307799909016316 0.0302573557098201 0.0294965886880874 0.0288469985540532 0.028150519223102 0.0274202085843887 0.0266694482393768 0.0259114864363615 0.0253631808143168 0.0246325802889417 0.0239302209128541 0.0232662517023071 0.0226500298209771 0.0220903743721486 0.0215959464411266 0.021175746836769 0.0208396641985815 0.0205988438965806 0.0204651224652334 0.0204483076167828 0.0205522365846206 0.0199573682866648 0.0203053554592159 0.0216259120842308 0.0222415287560681 0.0229768855698863 0.0243974330166209 0.0249968036882291 0.0262545516308551 0.0275998094446381 0.0291250333224669 0.0308473661529115 0.032785389940851 0.0349069838877714 0.0373223691288834 0.0400123677227299 0.0429967004332151 0.0462936465904629 0.0499190556778814 0.0538852696072086 0.0581999884801554 0.0628651660465646 0.067876034437964 0.0732203367232636 0.0788778709889077 0.084820405675852
0.0327152224659362 0.03274314387748 0.0326741593032368 0.0325056453031389 0.0322373350536543 0.031871506599988 0.0314130451861435 0.0308693544312403 0.0300768835010097 0.0293970118128606 0.028666710119679 0.0278998526214532 0.0271106492415241 0.0263131357393827 0.0257281143719822 0.0249578257880679 0.0242163376372172 0.0235141533142071 0.0228608875439692 0.0222655625090149 0.021737064062982 0.0212847666400579 0.020919297172562 0.0206532422356441 0.0205008798859633 0.0204746119942046 0.0205783738975232 0.0200084783558671 0.0203632423396892 0.0208253422699938 0.0223080906787193 0.0230571055761827 0.0239337655552513 0.0250983702209914 0.0263755089815714 0.0277411677033991 0.0292895421192914 0.0310382645941621 0.0329613219326736 0.035155917845247 0.0376094341893716 0.0403425995812241 0.0433754458874219 0.0467264094041061 0.0504112926152564 0.0544421222022386 0.0588259727106158 0.0635638256884341 0.0686495803699008 0.0740693092099212 0.0798008719474836 0.0858139190451056
0.0333790227015236 0.033420780038999 0.033360500468404 0.0331950392678893 0.0329237765443906 0.0325488401912228 0.0320751862133003 0.0315105142908208 0.0306855294486764 0.0299748549529304 0.0292099990921715 0.0284057114031562 0.0275770825009224 0.0267389828900642 0.0261170183665634 0.0253060542695874 0.0245244339555553 0.0237829827732837 0.0230915086543685 0.0224591360215787 0.0218948420247908 0.0214082363694881 0.0210106243853683 0.0207162456581238 0.0205427162817266 0.0205066548755183 0.0206122603049453 0.0200684168771063 0.0204315111015339 0.0209033202380803 0.021483708621013 0.0231540442752328 0.0240462791441146 0.0250767139665428 0.026515659596605 0.0279020925167987 0.0294740039979485 0.0312495478323779 0.0331969770255926 0.0354255358044839 0.0379177096516399 0.0406946356569916 0.0437766382633341 0.047182281471937 0.0509272694560991 0.0550232482488693 0.0594765745600979 0.0642871442611727 0.0694473936552071 0.0749415881682306 0.0807455039943532 0.0868265502001737
0.0340651769425226 0.0341227303598131 0.0340729270852401 0.0339120386869205 0.0336390417709301 0.0332558804078131 0.0327675674990694 0.0321821063951847 0.0313238504193089 0.0305819503459573 0.0297819132078819 0.0289394261861093 0.0280705231995308 0.0274019740252104 0.0265321487229919 0.0256797822187566 0.024857337078657 0.0240759305856098 0.0233454886618745 0.0226751056399182 0.0220736323810259 0.0215506098192792 0.0211177139642209 0.0207908729244043 0.020592289657871 0.0205459232211056 0.0206566321803882 0.0201400898041024 0.0205132410101198 0.0209956824907952 0.0215870547458481 0.023271189830255 0.0241791882065858 0.0252266806536423 0.0266775663939193 0.0280848955354144 0.0296805223849844 0.0314384335594924 0.0334545015423452 0.0357173327683489 0.0382485606122647 0.0410697188092091 0.0442014044560087 0.0476622711248615 0.0514678695256311 0.055629388516413 0.0601523689487834 0.0650355011001991 0.0702696225860302 0.0758370414479095 0.0817113066319202 0.0878574575498496
0.0347738207312664 0.0348493044319649 0.0348119226623418 0.034657296786571 0.0343839457599303 0.0339935903529526 0.0334912871362489 0.0328853528042013 0.0319931254263789 0.0312196837057288 0.0303839503356843 0.0295026225762396 0.0285927506071868 0.0278876836719636 0.0269758398910914 0.0260816692452233 0.0252181146281807 0.0243965717208033 0.0236270366867388 0.0229184484159321 0.0222792732273806 0.0217184799087891 0.0212472845431109 0.0208825026514345 0.0206522313787766 0.0205946305706371 0.019958849003457 0.0202281049627117 0.0206128952673602 0.0211063359598797 0.0217084463247152 0.0224234639886516 0.0243360049201266 0.0254001400407587 0.0266179729917074 0.028291999704616 0.0299112683509147 0.0316894616706571 0.03373552950668 0.036032779939408 0.0386033129403622 0.0414690413770515 0.044650806624866 0.0481673082414023 0.0520338815283354 0.0562611739088356 0.0608538063102815 0.0658091332033281 0.0711162479230935 0.0767553495833218 0.0826976107219949 0.0889055695896678
0.035504974151889 0.0356007006262511 0.0355778686841638 0.0354313739700649 0.0351592146663988 0.0347628498479131 0.0342473622512176 0.0336213957670534 0.0326945559188408 0.0318893623536846 0.0310175309992139 0.030096855843586 0.029145482076867 0.0284044797078114 0.0274504028300197 0.0265143933007062 0.0256099170274983 0.0247486818947147 0.0239407678487452 0.0231949341581545 0.0225191259371706 0.0219212920509695 0.0214109017620896 0.0210026229641722 0.0207280696693562 0.0206569462403961 0.0200560319425626 0.0203403002738166 0.0207368637113316 0.0212402119966712 0.0218517016180028 0.0225764816568282 0.0234224158953669 0.0256002436389995 0.0268358161727794 0.0285258386958363 0.0301234828751603 0.0319657270628593 0.0340416305406534 0.0363732754801715 0.0389832108660618 0.0418937042601026 0.045125804930302 0.0486982096549836 0.0526259682029584 0.056919097386747 0.0615811804367093 0.0666081026259424 0.0719870577099432 0.0776959789449001 0.0837035077343684 0.0899695605520592
0.0362585162070804 0.0363769880745025 0.0363710242842271 0.0362347125723143 0.0359654636607968 0.0355644284557542 0.0350367004709485 0.0343912635947368 0.0334292244436094 0.032592167917977 0.0316839471711784 0.0307235436725214 0.0297302929783291 0.0289542337476125 0.0279579935418787 0.0269804763233444 0.0260357455852548 0.025135907201939 0.0242912360865059 0.0235104651227874 0.0228012306884116 0.0221707020281749 0.0216265158555472 0.0211784854975172 0.0208441449906727 0.0207511355342087 0.0201925947262768 0.0204892091729487 0.0208931730054577 0.0214027473634373 0.0220207417209829 0.0227530450565104 0.0236080172235417 0.0245961875380933 0.0270821307888084 0.0283121441960182 0.0304013910713534 0.0322688616988908 0.0343742411264501 0.0367400842475479 0.0393893627075033 0.0423446671479621 0.0456272127748075 0.0492556361135012 0.053244627447422 0.0576034709957218 0.0623345916935185 0.0674322587587345 0.072881609744861 0.0786581434867119 0.08472782333056 0.091047813707621
