R/Data/side_v1_12_1.asc
NCOLS 365 
NROWS 740 
XLLCORNER 0.791666667335165 
YLLCORNER 6.2083333340009 
CELLSIZE 0.00833333332967033 
NODATA_value -9999 
[rows 138 to 160 of 740, columns 204 to 254 of 365]
0.00717979047752588 0.00711000773372053 0.00703957090213128 0.00697541637069576 0.00691699691764079 0.00686356207279828 0.00700127871637189 0.00695985683570923 0.00692040316773232 0.00688218033393135 0.00684459475540423 0.00668179798087912 0.00664556383644211 0.00660906708083069 0.00657235613584047 0.00653562510281194 0.00649920470876165 0.00646355229636829 0.00642924526369017 0.0063963214756715 0.00636696427901676 0.00634132088468059 0.00632037854343882 0.00630522133038114 0.00629703661495395 0.00629712379468288 0.00630691383542605 0.00632799435868278 0.00636214770479026 0.00641139914474764 0.00647807703646527 0.00647478285877412 0.00658304193127126 0.00671779694609325 0.00688291732886078 0.00708223743221054 0.00731990977842984 0.00759785243073726 0.00791049876609907 0.00825012749542661 0.00860388449571515 0.00873153951482746 0.00906978684239139 0.00938713591940023 0.00967534720060806 0.00992707691057717 0.0101345186119295 0.0102875645092553 0.0103713301105069 0.0103630446328221 0.0102295683732232
0.00717027439887295 0.00710048401733755 0.00702891123914629 0.00696354187441132 0.00690391198160165 0.00684936635771695 0.00698869845704895 0.00694658025192933 0.00690676757141748 0.00686856318869901 0.00683139479243205 0.00667021774930533 0.00663518494619926 0.00660026628404934 0.00656549097828059 0.00653103031000106 0.00649718962327732 0.00646440084098782 0.00643321349568577 0.00640428792113827 0.00637784266031838 0.00635591665884889 0.00633883387788014 0.00632764831781583 0.00632351448438995 0.00632769894727731 0.00634159620891397 0.0063667563113506 0.0064049235043755 0.00645808699504363 0.00652854987446341 0.00652880853261424 0.00664063371034643 0.00677904643505536 0.00694825743330984 0.0071527087698623 0.00739745667873838 0.00768527465802711 0.00801073025800703 0.00836522170205796 0.00873436942503245 0.00887459776636402 0.00922561704460804 0.00955419573654666 0.00985259976191053 0.0101143237695991 0.0103326305408438 0.0104986308700069 0.0105985782123025 0.0106099833930782 0.0104970225798083
0.006358357291957 0.00618429562291082 0.00609248487272048 0.00601234779550078 0.00594383366477221 0.00588661635652178 0.00584017806986637 0.00580389579349413 0.00577711540917606 0.00575920588144514 0.00574959244048611 0.00575363043535838 0.00575839083871166 0.00577007922628722 0.00578838338802092 0.00581302914098032 0.0058437652916581 0.00588034990979331 0.00592253905561922 0.00597007798011877 0.00602269664010913 0.00601369767492184 0.00607461106145736 0.00613973139613287 0.00620879298082285 0.0062815701224261 0.00635790925958583 0.00643777113318654 0.00652128380973534 0.00660880848251546 0.00670102129909618 0.00679901387962767 0.00690441797665394 0.00701955303642232 0.00714758025314396 0.00729258434881105 0.00762942227839751 0.00782167109253331 0.00804196344410955 0.00828984181614856 0.00856003993150925 0.00864968020208638 0.00893331883390603 0.00922046080546697 0.00950539699810285 0.00978273378538307 0.0103223014731863 0.0105418468033083 0.0107429295625751 0.010923491749678 0.0110828296703257
0.00633539636420189 0.00615762488295931 0.0060639484240621 0.00598174480063867 0.00591104035791464 0.00585160565371212 0.00580302578167509 0.00576477524675485 0.00573628443066355 0.00571699047428212 0.0057063701028756 0.0057102609143353 0.00571491605754333 0.00572695335997549 0.00574606974651032 0.0057719950192312 0.00580447824595111 0.0058432739108997 0.0058881305024749 0.00593878095630717 0.0059949368781894 0.00599156027755006 0.00605619572544496 0.00612576871772458 0.00619954013500283 0.00627721852961405 0.00635857226270193 0.0064434717558593 0.00653194336565165 0.00662423800130841 0.00672091649099256 0.00682295841033777 0.00693190140656031 0.0070500204960119 0.00718054669512481 0.00732787094510836 0.00766739567307578 0.0078638997437737 0.00809081278347577 0.00834745569129298 0.00862755215104914 0.00872606996385753 0.00901880290472232 0.00931417609378201 0.00960630335702322 0.00988967868540439 0.0104267040371214 0.0106481557343325 0.0108495768357514 0.0110285233321804 0.011183645159241
0.00631335634950434 0.00613187653020285 0.00603632687699498 0.00595205761781796 0.00587916485530946 0.00581750669903332 0.00576676291130212 0.00572649998392111 0.00569623033156021 0.00567545971582379 0.00566371951865858 0.00566735400642181 0.00567176664555076 0.00568401213237763 0.00570380311814386 0.00573088023544356 0.00576499932377775 0.00580591820843001 0.00585338449607454 0.00590712561902663 0.00596684179240322 0.00596873190401192 0.00603799589824838 0.00611186413132404 0.00619059954834382 0.00627350215779158 0.0063602642766502 0.00645066572870143 0.00654462870860879 0.00664228690897326 0.00674407447241264 0.00685083942619392 0.00696399432170509 0.00708572009284558 0.00721924536678804 0.00736919262912313 0.00771135271140336 0.00791235008814603 0.0081466103653615 0.00841311469746433 0.00870417519351389 0.00881210529142554 0.00911460021767653 0.00941878891434771 0.00971868741636696 0.010008752595182 0.0105427872685381 0.0107669880879409 0.0109698601922838 0.011148643924431 0.0113013470412527
0.00629219813059451 0.00610701334166308 0.00600958161610637 0.0059232449769153 0.00584816292626982 0.00578427351914363 0.00573134381475252 0.00568902680632793 0.00565691422720871 0.00563458050461265 0.00562161365070618 0.00562488597099088 0.00562892256405761 0.00564123730575579 0.00566156468871952 0.00568966266647182 0.00572530052536141 0.00576824620012958 0.00581825368456477 0.00587505231387149 0.00593833827450247 0.00594555728464834 0.0060192124543507 0.00609819296453362 0.00618185848138622 0.00627030821806908 0.00636287989105775 0.00645926522476602 0.00655928164046406 0.00666294273206377 0.00677054774247853 0.00688279829563405 0.00700095446823651 0.00712705448748202 0.00726423970274962 0.00741723907102648 0.00776195694459464 0.00796760186506114 0.0082099982893451 0.0084875708809397 0.0087906292184279 0.00890835437513709 0.00922113081413316 0.00953457483214325 0.00984268820885954 0.010139964953941 0.0106704809572872 0.0108982000118779 0.0111036049615357 0.0112837398765882 0.0114360415040978
0.00627188785682222 0.00608300360692652 0.00598367975948445 0.00589527160161776 0.00581799684637939 0.00575186657432168 0.00569672881473986 0.00565231788919467 0.00561830198849801 0.00559432340667803 0.00558002834285044 0.00558283504544836 0.00558636540603982 0.00559861212806614 0.00561933710029351 0.00564832169208674 0.00568535531359968 0.0057302228459436 0.00578269206792241 0.00584250182069852 0.0059093525902447 0.00592194805940571 0.00600009686945433 0.00608406972937221 0.00617319398055227 0.00626750995626786 0.00636629606696812 0.00646916045853249 0.00657581901613011 0.00668616527094518 0.00680036060345696 0.00691895154584617 0.00704302699035271 0.00717444252861464 0.00731616811604442 0.00747287223333131 0.00782011117746182 0.00803043704640774 0.00828184858879069 0.00857179976186991 0.00888775729167084 0.0090154194394916 0.00933879593222682 0.00966175442244857 0.00997835810447854 0.0102832014105095 0.0108095612947704 0.0110414343178314 0.0112503362548127 0.0114332792040659 0.0115872784723694
0.00624374131611697 0.00613269999603734 0.00603171432492661 0.00594119267993606 0.00586134797173068 0.005792220108122 0.00579425209126276 0.00574732019718138 0.00571053089740625 0.00568361466723158 0.00566630255520185 0.00548896385573656 0.00548937789763738 0.00549843307300566 0.00551595971478171 0.00554180344307721 0.0055758153213348 0.00561784031539335 0.00566770547529882 0.00572520893974415 0.00579010994516187 0.00586212166072832 0.0059409075747128 0.00602608312735035 0.0061172236749016 0.00621370141508774 0.00631546630871498 0.00642189310530196 0.00653267017295787 0.00664764838704942 0.00676693061197449 0.00689098846761437 0.00702081803276879 0.0071581626336666 0.00730586226454817 0.00746848049040607 0.00723612397933233 0.00745798903450393 0.00773367938846304 0.00805926132467778 0.00841718935921378 0.00879521858125339 0.00918383798165015 0.00957496344326229 0.00996113510987105 0.0103351521454201 0.010689883682269 0.0110181142083351 0.0113122882568419 0.0115639574658222 0.0117627479781878
0.00622428960824813 0.00611175583316105 0.0060090775643258 0.00591669613637798 0.00583487314553437 0.00576370909969167 0.00576411813027496 0.00571520630009383 0.00567658315714129 0.00564804207926651 0.00562937073334608 0.00545217743049852 0.00545194546459249 0.00546074066614741 0.00547842794585133 0.00550488488577817 0.00553999246746336 0.0055836238421985 0.0056356324360117 0.00569583994694623 0.00576402557998729 0.00583991722589698 0.00592318571405656 0.00601344432741684 0.00611025420823936 0.00621313841490785 0.00632146628059906 0.00643507890965203 0.00655340902328457 0.00667620562713309 0.00680345021590473 0.00693547324283333 0.00707310769135788 0.0072179039729006 0.00737245984382332 0.00754100892264866 0.00731887035629925 0.00754575149127898 0.00783437307444642 0.00817700330769576 0.00855085034244824 0.00894349094577209 0.00934560289354936 0.00974924008904063 0.0101470740365496 0.0105320777781506 0.0108973744945383 0.0112361176441243 0.0115412601685988 0.0118049478104426 0.0120169673442528
0.0062056797073116 0.00609163336148444 0.00598724677257657 0.0058929924605088 0.00580917744584667 0.00573595875045976 0.00573469070620003 0.0056837573125355 0.00564324329865569 0.00561300349300878 0.0055928823830724 0.00541573405055105 0.00541474220733028 0.0054231542907376 0.00544087371928101 0.00546781460757522 0.00550389321265775 0.00554901675458523 0.00560307170893259 0.00566591106314487 0.00573734249440661 0.00581711777735252 0.0059049255071426 0.00600038776888878 0.00610306323047211 0.00621245853160426 0.0063280501219305 0.00644921394332761 0.00657571912845383 0.00670709394318645 0.0068432128157397 0.00698428266946486 0.00713099746552007 0.00728475081057208 0.007447952046709 0.00762456470925344 0.0074163592240542 0.00764903022994021 0.00795215828594438 0.00831151707477774 0.00870036754818774 0.00910688536993434 0.00952192261650885 0.00993759891277636 0.0103466636143092 0.0107422311003207 0.0111176676309129 0.0114665144797187 0.0117823211477919 0.012058119116086 0.0122847559388646
0.00618789647169818 0.00607231765038632 0.00596620619397052 0.00587006445672528 0.00578424190875638 0.00570894841860236 0.00570594908301827 0.00565295235957294 0.00561049108648953 0.00557848018107248 0.00555682053301627 0.00537961769063543 0.00537775309848459 0.00538565879508913 0.00540328015485618 0.0054305720325067 0.00546749062065173 0.00551398317770534 0.00556997566437563 0.0056353598544831 0.00570998047717219 0.00579362304253548 0.00588600452309305 0.00598676775588125 0.00609548170364653 0.00621165016173113 0.00633473100173278 0.00646416914892079 0.0065993735742657 0.0067400928234598 0.00688601986611894 0.00703726174990856 0.0071944080177355 0.00735875291439889 0.00753262420075791 0.00771994187228707 0.00753112097212653 0.0077763178215659 0.00809212672061716 0.00846460543130235 0.00886655905972145 0.00928578052517382 0.00971289601579415 0.0101399011695089 0.010559514052742 0.0109649161708164 0.0113496529651227 0.0117075864656638 0.0120327913137388 0.012319174486382 0.0125591494461446
0.00617092905591405 0.00605379799361719 0.00594594463732775 0.00584789967804741 0.00576005261034007 0.00568266271932864 0.00567787772659323 0.00562277572764759 0.00557831140607059 0.00554445825321638 0.00552117299771227 0.00534381663385648 0.00534096719134929 0.00534824304922866 0.00536563439050651 0.00539314043966255 0.00543076199004374 0.00547849140717119 0.00553630055444029 0.00560412739176243 0.00568186215713567 0.00576933397425139 0.00586629940475397 0.00597243443729106 0.00608733220803539 0.00621050832025863 0.0063414178252847 0.00647948578571357 0.00662415597236521 0.00677492390499044 0.0069315942410939 0.00709414715833601 0.00726310503190576 0.00743972278223837 0.00762635696182585 0.00782711182891481 0.00766333458138806 0.00792745627982986 0.00825448514172075 0.00863649398442909 0.00904953080867171 0.00948015459583306 0.00991836515481285 0.0103558316288721 0.0107851161386347 0.0111993690287265 0.0115922112248155 0.0119576814150312 0.0122901374239165 0.0125839041342793 0.0128320847389802
0.0054634182600918 0.00520429618461063 0.00504777154302222 0.00490532770388195 0.00477738202680678 0.00466411552601244 0.0046526720189437 0.00456901810913889 0.0044991305526511 0.00444280240073079 0.0043998228370735 0.0043700032910642 0.00435319534085912 0.0043493009459681 0.00435827599481855 0.00438012777297498 0.00457931034913086 0.00462511504402918 0.0046836684332498 0.00475506655981856 0.00483937724504923 0.00502060362522856 0.00513120331871782 0.00525445522108865 0.00539008129502231 0.00553767432064541 0.00596900389269245 0.00614192980439223 0.00632458233944759 0.00651615890660718 0.0067159669532861 0.00680280780242455 0.00700179654096742 0.00721030058281011 0.0074309995123006 0.0076687973809274 0.00770844941522229 0.00801709259487367 0.00839002756936676 0.00882361416283344 0.00929798345018742 0.00967483660570898 0.0101820493582475 0.0106962256024282 0.011209154938514 0.0117130821832079 0.0121479847859341 0.012612852689066 0.013048148605778 0.013445988200183 0.0137958136178445
0.00543032287478047 0.00516853239653584 0.005010091333025 0.00486555186610178 0.00473537247937482 0.00461978373929805 0.00460790117920963 0.00452195550571803 0.00444985877094974 0.00439145753524976 0.0043465922414046 0.00431512312087982 0.00429694915624851 0.00429201996551587 0.00430034056309084 0.0043219710762023 0.00452452687599786 0.00457110555801824 0.00463104354016628 0.00470451268560556 0.0047916646765414 0.00497693409078705 0.00509216968336641 0.00522110653355114 0.00536356172922383 0.00551921694308388 0.00595951757664333 0.00614312167495867 0.0063378343010048 0.00654285741538282 0.00675747225326022 0.00686674175409283 0.00708229308881734 0.00730857191238582 0.00754835302638064 0.00780671713952383 0.00787067904220428 0.00820083361333443 0.00858903345803991 0.00903340332560892 0.00951831743405573 0.00989557780522569 0.0104130901086039 0.010937121457658 0.0114591292733184 0.0119711197809565 0.0124017486268374 0.0128719393616908 0.013310929789372 0.0137101952224172 0.0140579390971475
0.00539862243945945 0.00513422313869612 0.00497388708051701 0.00482727727451989 0.00469489091274313 0.00457700469666184 0.00456457677192439 0.00447634189127468 0.0044020254465887 0.0043415248076574 0.0042947290453242 0.00426154563789759 0.00424192009310526 0.00423584894162355 0.00424338681194644 0.00426464755590006 0.00447019542458606 0.0045173769589337 0.0045785198724172 0.00465387771373602 0.00474369335209235 0.00493278560545921 0.00505252423288833 0.00518705669949019 0.00533631434832356 0.00550009014278207 0.00594931467213809 0.00614388984862404 0.00635111921295968 0.00657023737811597 0.00680053255400706 0.00693352980055802 0.00716714057576792 0.00741280047145933 0.00767343965394848 0.00795410617792955 0.00804413088448167 0.00839618669593193 0.00880106757170847 0.00925767121963062 0.00975344148565295 0.0101300913172233 0.0106573004822646 0.0111903830190604 0.0117204591041201 0.0122392507882456 0.0126635549046398 0.0131371621033422 0.0135774786414332 0.0139754180826244 0.014318775528716
0.0053683311995906 0.00510138109865655 0.00493917034903616 0.0047905137807602 0.00465594511231543 0.0045357843702528 0.00452270645667935 0.00443218464684466 0.00435563897644687 0.00429301451795205 0.00424424682378711 0.00420928867533181 0.00418813061717317 0.00418081550067933 0.00418744708807612 0.00420819329552995 0.00441635149779624 0.00446396283233305 0.00452612585204665 0.00460318051812139 0.00469546784966731 0.0048881416751915 0.0050122230207433 0.0051522270251772 0.00530821775806646 0.00548012168014081 0.00593816569913859 0.00614393837487655 0.00636406693903192 0.00659784681098462 0.00684459752500351 0.00700266626080358 0.00725552745246908 0.00752198858621621 0.0078049841446444 0.00810929900543738 0.00822678587308264 0.00860125785396932 0.0090240836730793 0.00949440683335533 0.0100017370664799 0.010377120803441 0.0109136332233151 0.0114550875447452 0.0119923021786732 0.0125167090793156 0.0129327647535771 0.0134081264427558 0.0138479092252733 0.0142427786084429 0.0145810591655397
0.0053394662007485 0.00507002173760215 0.00490595557478683 0.00475527415984967 0.00461854596735039 0.0044961316050934 0.00448230070756329 0.00438949394573645 0.0043107099666557 0.00424593897141344 0.00419516057121395 0.00415837076420808 0.00413560362356172 0.00412694708014533 0.00413255327205464 0.00415264402278181 0.0043630314144269 0.00441089809820141 0.00447389175062346 0.00455244269176309 0.00464699581351347 0.00484298952411434 0.00497122585828086 0.00511654164762463 0.00527915156200756 0.00545913723390486 0.0059258349585353 0.00614295734209964 0.00637628319177794 0.00662519585645673 0.0068890682327351 0.00707333266400982 0.00734622664081377 0.00763503475556036 0.00794163284578417 0.00827066289132912 0.00841701170139363 0.00881453793772621 0.00925648168612681 0.00974130073027884 0.0102615292890477 0.0106352818453777 0.0111809035351406 0.0117301979892505 0.0122737430539652 0.0128027100771549 0.0132087829888503 0.013684536758905 0.014122430208981 0.0145132600025469 0.0148465483785137
0.00515251027390442 0.00506619286523366 0.00489537098874062 0.00473766481795345 0.00459357422078234 0.0044634247166366 0.00434739924383759 0.00424557387630381 0.00415795374661176 0.00408450871684809 0.00402520394589134 0.00398002655053481 0.00394900767274204 0.00393223884353588 0.00392988429726898 0.00394218822306035 0.00408145099394178 0.00412278360745249 0.00417971167355722 0.00425276436572659 0.00434251530504305 0.00443430614813471 0.00455628421426972 0.0046963916314536 0.00485513810340722 0.0050329528272578 0.00503395080249821 0.00524421989955911 0.00547398262512654 0.00572341661797511 0.00599280401047313 0.00628273303452906 0.00659440305295562 0.00693004958547022 0.00729394819936864 0.00769108210689924 0.00812972022681369 0.00861843551813873 0.00916321526102054 0.00976401601137416 0.0104143088833244 0.0111042229641616 0.0118201433634936 0.0125501357684394 0.0132815451364742 0.0140015896146008 0.0146992241117157 0.0153418475842503 0.0159329823866053 0.0164570455806396 0.0168974057442799
0.00512517937548081 0.00503776715288823 0.00486542297798628 0.00470603258767104 0.00456012930926185 0.00442807640825048 0.00431009697586742 0.00420630813764178 0.00411675636174145 0.00404145149373753 0.00398039800942266 0.00393362218300624 0.00390119462294268 0.00388324860901167 0.00387999411536431 0.00389172727546485 0.00403307719245761 0.00407476776947647 0.00413261073071547 0.00420723616542014 0.00429933745703414 0.00439585040995652 0.0045221275479271 0.00466776992743541 0.0048334851526445 0.00501991741472183 0.00503103260190533 0.00525346674685649 0.00549765368110017 0.00576397073019459 0.00605286462443535 0.00636503390102033 0.00670170632021727 0.0070650151001163 0.00745890951999895 0.0078876482755392 0.00835817708230579 0.00887719786737666 0.0094489776751125 0.0100728237512018 0.0107425865015598 0.0114482332019043 0.0121788843353145 0.0129198110052992 0.0136591042063499 0.014383701975787 0.0150714064397414 0.0157114669152463 0.0162969193772776 0.0168132821606061 0.0172465233483366
0.00509946301561094 0.0050109322300346 0.00483706805429164 0.00467599602891065 0.00452828170891276 0.00439432438605395 0.00427438543452784 0.00416862110463854 0.00407711668713677 0.00399992013643625 0.00393707319887026 0.00388863905531793 0.00385472613270404 0.00383550765004141 0.00383123759467701 0.00384226262197993 0.00398536859175821 0.00402723093163716 0.0040857802317134 0.00416174919007388 0.00425595353156865 0.00435690164063311 0.00448722323273458 0.00463815350080825 0.00481061379462082 0.00500548360617868 0.00502673302559136 0.00526132561266772 0.00552005856723091 0.00580354082520807 0.0061124100490013 0.00644748757388548 0.00681001737075444 0.00720198208050091 0.00762691384766324 0.00808826684126717 0.00859165257361673 0.00914205338552145 0.00974217062291191 0.0103905305547341 0.0110810101682546 0.0118038905953268 0.0125473908820877 0.0133003261111434 0.0140467609158568 0.0147748577078181 0.015451075632515 0.0160875193600312 0.0166665778201087 0.0171751394192578 0.0176017048546717
0.00507538224386387 0.0049857101836859 0.0048103276863352 0.00464757540061507 0.0044980501036945 0.00436218564990142 0.00424028010126225 0.00413252693905948 0.0040390482864775 0.00395992821602397 0.00389524371325072 0.00384509288762216 0.00380961999298515 0.00378903621046441 0.00378363771907728 0.00379381968432329 0.00393835210680116 0.00398019868610508 0.00403924209454346 0.00411631767587866 0.004212365103891 0.00431743719908404 0.00445152005074373 0.00460745228895111 0.00478638236371626 0.00498944328102749 0.00502077024065732 0.00526741667066758 0.00554070026024392 0.00584149279502895 0.0061706493322696 0.00652912835138998 0.00691818194324112 0.00733960548821774 0.0077959748655578 0.00829130447222661 0.00882846602424004 0.00941129710820008 0.0100410176432078 0.0107152606750003 0.0114276587682292 0.0121685763104249 0.0129263245506221 0.0136900671070816 0.0144430991675113 0.0151738875749499 0.0158373571439482 0.0164694678158075 0.0170417472069652 0.0175425907291912 0.0179628349988819
0.00505296052571067 0.00496212572253458 0.00478522603929086 0.00462079382930212 0.0044694559785567 0.00433168009624692 0.00420779927281303 0.00409804251805188 0.00400256720302865 0.00392149145935492 0.00385492566063052 0.00380300100512917 0.0037658953125424 0.00374385574060912 0.00373721839982474 0.00374642471643123 0.00389205686556514 0.00393369966215791 0.00399302200868928 0.0040709608742673 0.00416858021887928 0.00427744304566259 0.00441497742961404 0.00457558850464482 0.00476066306429289 0.00497160343103706 0.00501287573007714 0.00527137189357877 0.00555909016322189 0.0058771957094586 0.00622678854941728 0.00660898088346029 0.00702503246469382 0.00747652717150332 0.0079655236602792 0.00849511647570795 0.00906690609950682 0.00968316782572194 0.0103436778348312 0.0110450765372404 0.0117805382368051 0.012540312782095 0.0133127084140491 0.0140850142606406 0.0148465646526293 0.0155794779664892 0.0162292148622338 0.016856565464547 0.017421924885041 0.017915237367196 0.0183294282268589
0.00509093969250207 0.00490092967861887 0.00472240999276074 0.0045561781616176 0.00440286356829196 0.00426294354802185 0.00413676644683364 0.00402458024084583 0.0039265630918852 0.00384285519605192 0.00377358902049111 0.0036610056966219 0.0036210859015466 0.00359615273294571 0.00358655906390893 0.00359277014594413 0.00361537985841735 0.00365512541603011 0.00371289866053676 0.00378975522540672 0.00388691892765184 0.0040057813013539 0.00414789353039756 0.00431495042203278 0.00450876243161538 0.00473121669363197 0.00498422560266332 0.00526966693494306 0.0055893214084337 0.00594481929297212 0.00633761127855701 0.00676898115687869 0.00724010821324687 0.00775216794027694 0.00830641079756908 0.00890466432441988 0.00954685942432929 0.0102332630619108 0.0109616057196743 0.0117266937833822 0.0125202006615911 0.0133311655288532 0.014146882706841 0.014953774539905 0.0157380217819795 0.0164891369432213 0.0169612529777449 0.0175545724641118 0.0180763158829828 0.0185185135202131 0.0188768573868453
