R/Data/side_v1_12_2.asc
NCOLS 365 
NROWS 740 
XLLCORNER 0.791666667335165 
YLLCORNER 6.2083333340009 
CELLSIZE 0.00833333332967033 
NODATA_value -9999 
[rows 276 to 298 of 740, columns 260 to 311 of 365]
0.277731954830893 0.260758437451171 0.244163467741597 0.228075624247859 0.212606276375397 0.197847622557711 0.183871758935608 0.170730771624467 0.158457870935558 0.147069440359463 0.136567904298098 0.126945316915419 0.118187602577797 0.110279571908472 0.103210922335225 0.0969836068777671 0.0916206771138685 0.0871749920238509 0.0837309732792014 0.0813811498233648 0.0801498855534844 0.0799083817339289 0.0804208116858346 0.0814523688317047 0.082816278678786 0.0843763068083897 0.0860364128969209 0.0877301768075665 0.0894128928588195 0.0910560636384651 0.0926435040228504 0.0941684543690998 0.0956313443909025 0.0970379933423145 0.0983981346947721 0.0998838671744009 0.101215509406602 0.102542931757472 0.103881167296967 0.105244817263322 0.106647632316373 0.108102202540784 0.109619739326205 0.111209926464853 0.112880821589943 0.114638799652623 0.116488520906556 0.11843292952157 0.120473266848763 0.122609107654525 0.126267073003102 0.128608730267786
0.27711584887915 0.260413178087084 0.244076424020225 0.228230773461172 0.212983975067714 0.198424517648681 0.184620860683836 0.171621674316661 0.15945707773355 0.148140718768653 0.137672595854717 0.128042527647843 0.119234252423298 0.111230396120159 0.104018845355505 0.0976017268034321 0.0920090414121271 0.0873189612916767 0.0836799792158856 0.0812991400799441 0.0803017869120936 0.0805148069842414 0.0815720895923938 0.0831482898935386 0.085018575703389 0.0870367236848823 0.0891073341252598 0.0911676715516445 0.0931771537879869 0.095111105404258 0.0969567081803359 0.0987101159176245 0.100374254288945 0.101957068477488 0.103470094578267 0.104927286113371 0.106510666596171 0.107928608397239 0.109339190773396 0.110757981329484 0.112199646071768 0.113677656335915 0.115204080723768 0.116789440697435 0.118442616684568 0.120170791366379 0.121979422456295 0.123872239380621 0.125851263402408 0.127916843522918 0.130067715777486 0.133769988165316
0.277016783540866 0.260611858177376 0.244558348750173 0.228977935208629 0.213974746236118 0.199633663153585 0.186019683993553 0.173178270803656 0.161136642043378 0.149905819096305 0.139483312495927 0.129856323529885 0.121005421432045 0.112908913788049 0.105548497405251 0.0989177979893652 0.0930378020625987 0.0879888056782306 0.08397647336464 0.0814104373474871 0.0806854517274855 0.0815175264734108 0.0832518704806653 0.085441774390033 0.087845372514419 0.0903260800398968 0.0928001232195262 0.0952138951824485 0.0975336202934858 0.0997398530142113 0.101823964318494 0.103785562911574 0.105630467091444 0.107369053747061 0.109014909576412 0.110583722556079 0.11224076029546 0.113731181355749 0.115196956005611 0.116654669927951 0.118119927603499 0.119607079761345 0.121129032028281 0.122697108801683 0.124320968345039 0.126008551380627 0.127766058445099 0.129597952705235 0.131506981037647 0.133494214772732 0.135559110539464 0.137699583751328
0.277454684889001 0.261374213738592 0.245629461648748 0.230338629904849 0.215602368284153 0.201502197505746 0.18809998429431 0.175438377821188 0.163542128584746 0.152420090136311 0.142067743410268 0.132470099086583 0.123604847677499 0.115445828751962 0.107967084599578 0.101148455110146 0.0949856788799003 0.0895155113220486 0.0849020501375446 0.0817836729092787 0.0814562082352132 0.0832325143001198 0.085768991692727 0.0885876074981861 0.091502872134744 0.0944145821732964 0.0972587386914064 0.0999929934164823 0.102590763349237 0.105037817243463 0.107329680464756 0.10946944386108 0.11146589775554 0.113331963904766 0.115083402405611 0.116737753942933 0.118313478706534 0.119983409035119 0.121482281664408 0.122958234753381 0.124427809181104 0.125906210027455 0.12740713367902 0.128942649224767 0.13052312140252 0.132157172843858 0.133851666895013 0.135611718508269 0.137440721599609 0.139340392613931 0.141310834777883 0.143350612948795
0.278441792194624 0.262712242711194 0.247302227957254 0.232326626427704 0.21788288178108 0.204049529277122 0.190885786906929 0.178432062317503 0.166711317678892 0.155731053821374 0.14548575021894 0.135959589129809 0.127129297924038 0.118967058648166 0.111443471530069 0.10453072602749 0.0982064598337003 0.0924596261646647 0.0873036559553878 0.0828617361924499 0.0834251002074755 0.0863778998604257 0.0895846802397114 0.0928975387688993 0.0962210421683296 0.0994840152772404 0.102633633989624 0.105633035759792 0.108459364140482 0.11110162348303 0.113558413200082 0.11583574764132 0.11794513052451 0.119901932457538 0.121724076790612 0.123430984416628 0.125042733777507 0.126579400649912 0.1282198327722 0.129688833314307 0.131139432063899 0.132587628827937 0.134047833753923 0.135532765211684 0.137053394583397 0.138618916783523 0.140236748314045 0.141912546584594 0.143650243581183 0.145452097740775 0.14731876009613 0.149249351913142
0.279982898829016 0.264630379323983 0.249581423624266 0.234947853388086 0.220824283663498 0.207286753731201 0.19439242481134 0.182180178093792 0.170672048250174 0.159875261057383 0.149784721658317 0.140385807307528 0.131657350236358 0.123574857596874 0.116114177495316 0.109256344846449 0.102995933985292 0.0973615016721013 0.0924922336288903 0.0890818642470376 0.0892142094748681 0.0918339547305495 0.095134599903703 0.0986522177468102 0.102209451971333 0.105703628117146 0.109067180003645 0.112256269080832 0.115245383878975 0.118023400219694 0.120590200964479 0.122953779306298 0.125127862737746 0.127130029974945 0.128980253360774 0.130699782269758 0.132310283598174 0.133833189088269 0.135429265453702 0.136861780516195 0.138266291365606 0.139659487080686 0.141056369680114 0.142470176241857 0.143912342504998 0.14539249384746 0.146918455997444 0.148496287124926 0.150130322372562 0.151823231360133 0.153576089993401 0.155388459923731
0.282075716272364 0.267125779012712 0.252464296319279 0.238200391740855 0.224426305273731 0.21121614514586 0.198625680551668 0.186693050492353 0.17544029710228 0.164875530304917 0.154995587901592 0.145789131889487 0.137240168017927 0.129332309313866 0.122054480323198 0.115410015999538 0.10943423051528 0.104234524738029 0.100088982414546 0.0976225790124209 0.0975616181902153 0.0995221964743778 0.102533173504684 0.105997496071216 0.109611344132392 0.113205594840571 0.116678431957694 0.119968482247331 0.123041858943294 0.125884208396169 0.128495019537145 0.13088335701224 0.133064686126745 0.135058527758395 0.136886753785929 0.138572340172981 0.140138456180082 0.141607797838532 0.143002101401676 0.144485810573983 0.145813727709248 0.147124202637203 0.148432657258488 0.149752668282379 0.15109595475823 0.152472390060715 0.153890031532164 0.155355167189695 0.156872370370485 0.158444567152398 0.160073112895319 0.1617578744459
0.284711321158794 0.270188670341899 0.255940799895878 0.242074546451011 0.228680285215908 0.215830787045921 0.203581116229889 0.191969449226076 0.18101873000492 0.170738991701945 0.161130261184544 0.152186041236956 0.143897484174409 0.136258738621381 0.129274426264969 0.122971325041563 0.117418251542114 0.112760244541628 0.109266996668732 0.107343346426952 0.107302719536351 0.108927255146508 0.111641803898675 0.114942840927558 0.118491476016021 0.122072718261781 0.125552366145526 0.128849772761522 0.131920935790238 0.13474710783563 0.137326697328175 0.139669457025519 0.14179236710277 0.143716749970901 0.145466263721733 0.147065499165691 0.148539000194473 0.146831102011894 0.148121309368758 0.149355255394022 0.153779443267503 0.154977206787674 0.156170235801768 0.157372217355591 0.158594928148088 0.159848270241542 0.161140322120794 0.16247740017522 0.163864128282828 0.165303511743107 0.166797019575224 0.168344672487872
0.288391216744304 0.274302850263847 0.260470196353942 0.246998894248514 0.23356918723845 0.221114397132107 0.209243682962941 0.197995971429586 0.187395864260129 0.177456109611879 0.168180718113205 0.159568753924276 0.151618958439396 0.144335659828453 0.137736724925343 0.131864779086697 0.126802979944384 0.122694525489644 0.119755649802949 0.118244912393151 0.118313087876377 0.119799780574579 0.122309894319894 0.125436377849772 0.128856337329564 0.132340062989499 0.135735152661833 0.138947842711486 0.141926840304589 0.144650440384486 0.147116764012734 0.149336698704366 0.151328977400696 0.153116818351096 0.151593179519609 0.153042024415313 0.154366155809321 0.155590081001064 0.15673682242143 0.157827637824649 0.158881861452909 0.159916827016602 0.164255398473805 0.165314287198919 0.166394108928517 0.167504540750475 0.168653442390005 0.169846935249667 0.171089483781071 0.172383979265596 0.173731827064929 0.175133036244624
0.292066124630765 0.278454299973858 0.265088450460976 0.252072837728381 0.239496510662381 0.227432296841176 0.215936825949841 0.2050514681507 0.194804128873429 0.185211770969659 0.176283615940732 0.168025047503967 0.160442326304314 0.153548414135827 0.147370253029019 0.142000124247955 0.137467984423067 0.133905035818574 0.131474831072369 0.130344036822681 0.130581462227297 0.132048423811451 0.13443930872375 0.137413714893475 0.140676231454973 0.144001332467297 0.147232886119248 0.150273368320884 0.153070023078136 0.155601792132099 0.157868720810856 0.156709255890194 0.158482455905225 0.160053557922493 0.161449702827884 0.162698267961526 0.163825850683428 0.164857625882122 0.165816950136322 0.166725146396815 0.167601401653725 0.168462749341821 0.169324102979649 0.173557397317928 0.17447217984099 0.175420133103729 0.176408638333598 0.177443381521076 0.178528447688475 0.179666411694705 0.180858429582419 0.182104329170044
0.296223279116073 0.283107664638403 0.27023070272363 0.257695713036247 0.245591392062539 0.233990886768964 0.222951876462238 0.212517553284182 0.202718449183044 0.193574966069835 0.185100555305335 0.177305534124266 0.170201551758613 0.163806818594239 0.158152088392656 0.153287110257979 0.149286422300337 0.14625142725715 0.144301739995711 0.143541445918076 0.143988137308686 0.145507934477466 0.147840907401887 0.150688459313221 0.153779562353823 0.157011981365742 0.160010582019879 0.162796513408762 0.162109386971333 0.164344817929605 0.166312347158739 0.16802982310938 0.169522082934733 0.170817337875274 0.171944837894891 0.172933388763647 0.173810429447895 0.174601486937016 0.175329883680484 0.176016610079618 0.1766803086184 0.177337323806609 0.178001796136221 0.178685773626008 0.179399332468956 0.183568548600487 0.184380377052855 0.185242135989612 0.186157307704603 0.187127948816176 0.188154782477893 0.189237288538775
0.300832653273109 0.288230187973513 0.275861522205382 0.263829425146017 0.25222266105935 0.241115121469557 0.230565942551556 0.220620489786931 0.211312157692544 0.202664820277791 0.194695869182345 0.187419759351867 0.180852001527863 0.175013550378537 0.169935371223469 0.165662674612081 0.1622575971596 0.159797706986037 0.15836490815282 0.158015542800428 0.158728960497432 0.160366940848043 0.16269248614479 0.165433266285305 0.168338478969024 0.171210169660558 0.1739126486599 0.176367019810845 0.175317599087944 0.17719044124495 0.17879106503607 0.180144109078902 0.18127945676162 0.182228887232482 0.183023995277519 0.183694943551598 0.184269744803061 0.184773902264192 0.18523027011704 0.185659057945724 0.186077921630052 0.186502099354293 0.186944569723881 0.187416216386002 0.18792598381492 0.188481029058125 0.189086851991398 0.193214749557358 0.19394898840782 0.194742781162122 0.195596244928377 0.196508356638362
0.305861057378426 0.293785447270691 0.281941174098125 0.270430788696951 0.259343459523345 0.248754153628666 0.238723759827728 0.229300044493643 0.220519362752829 0.212408969751004 0.204989812102176 0.198279695330644 0.192296675891978 0.187062551095955 0.182606106902909 0.178965570394894 0.176189116057881 0.174331167074123 0.173440278246771 0.173533029645432 0.174555920227842 0.176359531580447 0.178714864773762 0.181363940395186 0.184071096388428 0.186655297014342 0.189000337587929 0.191047825751611 0.190500334704858 0.191939250178449 0.193101901679837 0.194022094413008 0.194736190767764 0.194205843618647 0.194609922179829 0.19491072560364 0.195136498571321 0.195312275498747 0.195459958900859 0.195598496598499 0.195744098823619 0.195910472917278 0.196109053093726 0.196349214375479 0.196638466056102 0.196982623947618 0.197385958653075 0.197851327726559 0.201873592252216 0.202482651908311 0.203156048412592 0.203892115649656
0.311273045482008 0.299734314257833 0.288426656169398 0.277452651938738 0.266902121762911 0.256851328498558 0.247363093723612 0.238487685506987 0.230264410989466 0.222723730980323 0.215889748084134 0.209782936114576 0.204422903247917 0.199830999591065 0.196032402818049 0.193057112104387 0.190938790057556 0.189709510694003 0.189387237210658 0.189953119456796 0.191322835903896 0.193330414401453 0.195744284807818 0.198311496814768 0.200806824102043 0.200755660557241 0.202700133566833 0.204284528674942 0.205518409039779 0.206433886207832 0.207073205268532 0.207481429230413 0.207702468289599 0.207777066867678 0.207741899229072 0.207629306212017 0.207467377189504 0.207280221838807 0.207088324421318 0.206908921394548 0.206756368763256 0.206642479715496 0.206576826773663 0.206567002987045 0.206618848098853 0.205616595010421 0.205807491230406 0.206069123613353 0.206401905943961 0.210192608665986 0.210682862967869 0.21124064885118
0.317031856165624 0.306035986743457 0.295272839968709 0.284845186423945 0.274843634633745 0.265345853181042 0.256416650050649 0.248108778787653 0.240464385641603 0.233516892185028 0.227293168700631 0.221815801566706 0.217105244051314 0.213181609145609 0.210065723203451 0.207778868407104 0.206340236200892 0.205760442229933 0.206028883609351 0.207093934977339 0.208841106061854 0.211083497751604 0.211228141481416 0.213740015156283 0.216026686155215 0.217942635775415 0.219425044607169 0.220476289583454 0.22113705112463 0.221464559110055 0.221519601715295 0.221360028892996 0.221037948698979 0.220598818409017 0.220081490125238 0.219518697829259 0.218937728096819 0.218361126108027 0.217807362750439 0.21729143608326 0.216825387969193 0.216418744002191 0.216078876839527 0.215811311676775 0.215619969460657 0.215507370400191 0.21547479620269 0.215522422461889 0.215649428870096 0.215854085477217 0.218407621354427 0.218783382652148
0.323100345131125 0.312649035609278 0.302433666480563 0.292557258974312 0.283111238552185 0.274174663410511 0.265814258700333 0.258085126359733 0.251032028868993 0.244691042839761 0.239091406018887 0.234257349052469 0.230209677703674 0.226966829734091 0.224545011556443 0.22295683702125 0.222207559226275 0.222287552245988 0.223159642635018 0.222337629779243 0.224515623051204 0.227044825188363 0.229664964235431 0.232108684311284 0.234156457025821 0.235680477295434 0.236652411394462 0.237115512650463 0.237147542891002 0.236834629332874 0.236258100215366 0.235489358025716 0.234588686816507 0.233605795523185 0.232581045158467 0.231546850867943 0.23052902618226 0.229547962617068 0.228619629828324 0.227756389307222 0.226967653640401 0.226260411419318 0.225639643839245 0.225108653658517 0.224669325039536 0.224322325611673 0.224067270985428 0.223902846000684 0.223826907274773 0.223836562689471 0.223928238036425 0.22409773083871
0.32944188568059 0.319532449319313 0.309863365490443 0.300537864210905 0.291648107925337 0.283274410239207 0.275485219411058 0.268337723586663 0.261878974417791 0.256147311290207 0.251173903492702 0.246984190461363 0.243598952667515 0.2410347327284 0.239303170254474 0.233395908608702 0.233374255234289 0.234150559176686 0.238161188603506 0.240302830439077 0.242898127283233 0.24570866551075 0.24844909096932 0.250831084688734 0.252627169802982 0.253726886279367 0.254143652675284 0.253970524885789 0.253328615497175 0.252336140666679 0.251096008949462 0.249692938892103 0.248194504434921 0.246653552262786 0.245110860586113 0.243597578700239 0.242137284785941 0.240747640020907 0.23944168528099 0.238228846749002 0.237115701835962 0.236106566979384 0.235203943453646 0.234408860379997 0.233721134260312 0.233139565831481 0.232662093840281 0.232285907336707 0.23200753899019 0.23182292879469 0.231727481540965 0.231716109589212
0.336021177031267 0.326646587160451 0.317517583114753 0.308737473397579 0.300398967701805 0.292583391088614 0.285360604436311 0.278789505224556 0.272918992766412 0.267789183245373 0.263432675345774 0.259875649465375 0.25201439998343 0.250166762453379 0.249157545649917 0.248984178930795 0.249628215005588 0.251046156076136 0.255655601941808 0.258319696801958 0.261340062219744 0.264449240083278 0.267330053565421 0.269661527851753 0.271196675009371 0.271841094280224 0.271660291188633 0.270808837682774 0.269458109085705 0.267760866851117 0.265841359281656 0.263796062053112 0.261697876688379 0.259600929027156 0.257544892532176 0.255558509711791 0.253662327956127 0.251870754630124 0.250193589802504 0.24863715097014 0.247205109255989 0.245899099696358 0.244719174204636 0.243664139506384 0.242731805379804 0.241919169427562 0.24122255561427 0.240637716119369 0.240159905193805 0.239783937818939 0.239504231457497 0.239314839335045
0.341838116251737 0.333050838035864 0.324508751358205 0.317109249281832 0.309311562472426 0.302043325720674 0.29537539666643 0.289367900167745 0.284071038654404 0.274284211561042 0.270587836561094 0.267700779389276 0.265642669304494 0.264426073497003 0.264054675780512 0.264519591595295 0.265793065634235 0.270308106027237 0.272980142167102 0.276150488272099 0.279595971707244 0.283020267673596 0.28606766619266 0.288368926835751 0.289638910530766 0.289796246587292 0.288974752210988 0.287407019882353 0.285322525400609 0.282909793134109 0.280312221704672 0.277634691529771 0.274952182628654 0.272317498034856 0.269767340228068 0.267326825597897 0.26501273626109 0.262835839729039 0.260802535817625 0.258916025300089 0.257177146194183 0.255584976611678 0.254137265382886 0.25283074780088 0.251661375411647 0.25062448107449 0.249714898753442 0.248927053166959 0.248255018405309 0.247692565438614 0.247233193390373 0.246870151968047
0.348777378525122 0.340506236282511 0.332485865096469 0.324819232173886 0.317599619503814 0.310909754238034 0.303025834872637 0.297609850826244 0.292908389925655 0.288963635587113 0.28451291118336 0.282236130154142 0.280791548195799 0.280189898743111 0.280431421834796 0.28150194301078 0.283366468597795 0.285959689341605 0.289173228645514 0.292840575864286 0.296722319060327 0.300496430714497 0.303762413444537 0.306080725089807 0.307095776490824 0.306732711466643 0.305875645577286 0.303555595540383 0.30072276926011 0.297599908265495 0.294344096229619 0.291062852394612 0.287828653085063 0.284689824282369 0.281678144656167 0.27881400721225 0.276109912183812 0.273572825745385 0.271205798960973 0.26900908572077 0.266980922247926 0.265118079619342 0.263416255456225 0.261870355144969 0.260474692225069 0.259223134225282 0.258109204061837 0.257126152235719 0.256267008112495 0.255524612504721 0.2548916432771 0.254360629225262
0.355855940328329 0.348082431207575 0.340565302609392 0.331744783806781 0.325036033032163 0.318862470385214 0.313295560396665 0.308396378767428 0.304216129192102 0.299422799231987 0.296865328946512 0.295123352862169 0.294214053257265 0.294145294342948 0.29491345408511 0.29649959950579 0.29886343109625 0.30193451819973 0.305600509807141 0.309692400175028 0.313967182573531 0.318088648178009 0.321611620749155 0.323997703482038 0.324761999814477 0.323821064022148 0.321556758775456 0.31844664488804 0.3148606750721 0.311047966407478 0.307168764980655 0.303324928512737 0.299581081824133 0.295978032733723 0.292541102889437 0.289285345344733 0.286218872542722 0.283345026402721 0.280663823978069 0.278172944527924 0.275868405152422 0.273745043552973 0.271796851606832 0.270017218624626 0.268399105139229 0.266935162401905 0.265617824581315 0.264439363259356 0.26339193020648 0.262467584590475 0.262459825485512 0.261767556178571
0.361592169341683 0.35427807406817 0.347228734425949 0.340544722557641 0.334317439912038 0.328628207544333 0.323547902393307 0.319137018985534 0.313981439676302 0.311126585832426 0.309060153263192 0.307805585405518 0.307377222916824 0.307779282518142 0.309003781445508 0.311027069430029 0.313804583840301 0.317263525946621 0.321293159723777 0.325732161156307 0.330350890674443 0.334822730330734 0.338675678903864 0.341241149548694 0.34178498694206 0.340176673136538 0.33707075966221 0.333145700787415 0.328836239604599 0.32439384065952 0.319963791668748 0.315632003213297 0.311450192518997 0.307449496868436 0.303648115943531 0.300055816401966 0.296676708253885 0.293511022151092 0.290556287108919 0.287808133573384 0.285260850885062 0.282907782027194 0.280741607175866 0.278754547558387 0.276938511120265 0.275285199611512 0.273786183130651 0.272432948381916 0.271216939213185 0.270129572488949 0.269162254227201 0.268306386840286
0.369068269989117 0.362198837492623 0.355599615274631 0.34936966336781 0.34359904086056 0.338367852145313 0.333745795133593 0.329792109132106 0.32507032767828 0.32266906082274 0.321049403083191 0.320231707743895 0.320226426377564 0.321033077874717 0.322638347524093 0.32501312043757 0.328108298846943 0.331849369690037 0.336129735563011 0.340802377631873 0.34566717519472 0.350443695942489 0.354697285512365 0.357647009549791 0.358041639669181 0.355579584967811 0.351519197725399 0.346795145644786 0.341841585910298 0.336866861223486 0.331981594682273 0.327248927589001 0.322706110122605 0.318374986230305 0.314267626775186 0.31038961717668 0.306742105481745 0.30332313090661 0.300128530381729 0.297152573144631 0.294388405178904 0.291828382335653 0.289464306254454 0.287287603009862 0.285289453933792 0.283460887137795 0.281792851192684 0.280276258769115 0.278902022188861 0.277661072418688 0.276544371732171 0.275542922682722
