R/Data/side_v1_12_8.asc
NCOLS 365 
NROWS 740 
XLLCORNER 0.791666667335165 
YLLCORNER 6.2083333340009 
CELLSIZE 0.00833333332967033 
NODATA_value -9999 
[rows 322 to 344 of 740, columns 156 to 207 of 365]
0.0400710710449486 0.0403180671435145 0.040598474038563 0.0409078954336021 0.042473166294148 0.0426396079965384 0.0427928773371707 0.0444657148245464 0.0444067956979396 0.04429060210827 0.0441066837148229 0.0438458626106249 0.0445330270748711 0.0443400266108525 0.0453293738134346 0.0447574963807224 0.0441244970080856 0.043835196237816 0.0391072786261485 0.0387788652897637 0.038425519858145 0.03805372689084 0.037669385132254 0.0346328448000272 0.0345470634898489 0.0344443780338366 0.0343270077444243 0.0333084451102537 0.0331548100255534 0.0329919192033285 0.0328210951071477 0.032643369937457 0.032459509203011 0.0322700336162573 0.032075241148905 0.0318752273681682 0.0316699060300796 0.0314590304873121 0.0312422147613492 0.0310189599354317 0.0327526967967088 0.0325593367907104 0.0323544742633642 0.032137604285387 0.031908355285897 0.0316665482134114 0.03141226178095 0.0311459028339366 0.0308682754446538 0.0305806479178347 0.0302848087902653 0.0299831092149679
0.0386450610173315 0.0389022169530037 0.0391971161299071 0.0395256613983792 0.0410774036381167 0.0412928142743977 0.0415021790888763 0.0431990758272445 0.0432235014729088 0.0431964004383395 0.0431063809215486 0.0429431093486817 0.0400109444106805 0.0435783426630316 0.0446784535884067 0.0441930325987848 0.0374600702919357 0.039480422041635 0.0392226926752083 0.0389276938975723 0.0386027558708379 0.0382548752657037 0.037890488155803 0.0348833742897812 0.0338276610888843 0.0337270481247873 0.033610151947447 0.0334794502925157 0.0333370452804127 0.0331846810674797 0.033023764895431 0.0328553909432565 0.0326803646934707 0.0324992254811987 0.0323122698772645 0.0321195723068162 0.0319210058987388 0.0317162637957829 0.0315048815165703 0.0312862630215332 0.0310597103755862 0.0308244599892053 0.0305797264544697 0.032433569777531 0.0321983508619903 0.0319489364902232 0.0316852580601795 0.0314076009477007 0.0311166864372261 0.0308137516545872 0.03050062084926 0.0350476727413282
0.0372704743932893 0.0375384044273376 0.0378482030101433 0.0381960545641466 0.0397305002621755 0.0399930867047077 0.0418352141178113 0.041973457064613 0.0420784365028064 0.0421376258049078 0.0421387836014586 0.0420705067121416 0.039334108850516 0.0391161478494632 0.0445106365811398 0.039613007579496 0.0397251589276174 0.0395586085027977 0.0393416069722279 0.0390818321195184 0.0396256772266298 0.0393978111153383 0.0340843317686531 0.0340430533133004 0.0339778733515445 0.0338922564090881 0.0337892598932132 0.0336715306960171 0.0335413138339586 0.0334004699040582 0.0332504977158404 0.0330925586572679 0.0329275025241917 0.0327558909210509 0.0325780210444532 0.0323939468417372 0.0322035001927301 0.0320063117321618 0.0318018341314102 0.0315893676305574 0.0313680903759594 0.0311370973188588 0.0308954448975732 0.0306422081285566 0.030376548262963 0.0322766085726811 0.0320051653135194 0.031717707221139 0.0314148410396159 0.0310977424152709 0.0355347328682194 0.0351824720861492
0.0359442884020072 0.0362236850290905 0.0365488768795617 0.0369163165257655 0.0384305902965364 0.0387387814312273 0.0405781448326581 0.0407881055883873 0.0409710514638994 0.0411139188252912 0.0412037040992254 0.0412280169950931 0.0386853780072657 0.0502449428903742 0.0399036983817926 0.0396858594416338 0.0428939481021875 0.0399869536743861 0.0399409194758297 0.0398380043941778 0.0396856728867099 0.0394914839926206 0.0342167173668983 0.0341941435022553 0.0341461500040351 0.0340764304185974 0.0339882474680853 0.0338844262955894 0.0337673627523007 0.033639041393373 0.0335010589391346 0.0333546497224015 0.0332007124494062 0.0330398342442541 0.0328723155194719 0.0326981908170317 0.0325172503101996 0.032329060204579 0.0321329856533767 0.0319282160995655 0.0317137968715863 0.0314886675935555 0.0312517106617528 0.0310018116336023 0.0307379315774446 0.0304591930318578 0.0301649775944241 0.0320770959403769 0.0317635812958058 0.0361219240764342 0.0357550848795824 0.0353798995131908
0.0350781695875161 0.0353748541276437 0.0352966187005478 0.035683987606445 0.0371759770316613 0.037528372090096 0.0393628750422103 0.0396422449568066 0.0399007349352298 0.0389068688088854 0.0391159040651471 0.0413665054908522 0.0366823963994703 0.0370167719681515 0.0394414338461217 0.0394613772351762 0.0398685184498785 0.0399369763594599 0.0399374042681024 0.0398768354654576 0.0397629299790238 0.0343367127307951 0.034365049266281 0.0343620839589327 0.0343321743196408 0.034279253834291 0.0342067997475145 0.0341178245527876 0.0340148837606887 0.0339000930829938 0.0337751538144261 0.0336413787947823 0.0334997204381334 0.0333507957014719 0.033194910547915 0.0330320819179735 0.0328620580487056 0.032684338845144 0.0324981977998116 0.0323027075272165 0.0320967697851109 0.0318791566232448 0.0316485587824253 0.0314036508223289 0.0311431682596904 0.0308660014209309 0.0305713031037557 0.0302586084061383 0.0367965082833318 0.036425218739069 0.0360391008550911 0.0356412804133086
0.0339065740981368 0.0342159090888117 0.0345803508470658 0.034997682228298 0.0357368248379316 0.0361691419043339 0.0369121423847063 0.0372705305454518 0.0376175928553765 0.037939532955493 0.0382221464551255 0.0359584058230583 0.0364464808921109 0.0391442191004806 0.0393313887646363 0.0394193250752772 0.0352230680648039 0.0351449532850135 0.0350091590045497 0.0348237239007029 0.0345969539889235 0.034478345678545 0.034528986518325 0.0345465255722285 0.0345355910175897 0.0345003663254554 0.0344445533868764 0.0343713613703003 0.0342835130726227 0.0341832635906326 0.0340724255360179 0.033952396358822 0.0338241869244563 0.033688448510225 0.0335454961645594 0.033395330928614 0.0332376597146091 0.0330719150652998 0.0328972755190082 0.0327126898494179 0.0325169083509937 0.0323085212778428 0.032086011394922 0.0318478198348516 0.0315924299498107 0.0313184675262053 0.0310248197713457 0.030710766923571 0.0371789920226145 0.0367930414536528 0.0363885441805385 0.0359685302356243
0.0327783134843264 0.0331013030036031 0.0334822718168927 0.0352200345437184 0.0357199525836375 0.035072776577451 0.0357978496222913 0.0362151339986036 0.0366258454822047 0.0325381001060461 0.0330741453386539 0.0356592862252645 0.0362145267655127 0.0389687421629596 0.0392271360756364 0.0393837678806975 0.0352749663310385 0.0352480565564711 0.0351595513939154 0.0350176416044545 0.034830883000372 0.0346343241933215 0.0347081641864053 0.0347470895067023 0.0347560089985936 0.0347393665310503 0.0347010989487323 0.0346446209094103 0.0345728315547458 0.0344881326300931 0.0343924549471567 0.0342872867511886 0.0341737037434891 0.0340523954088833 0.0339236901342807 0.0337875757662726 0.0336437193792645 0.0334914856765119 0.0333299558385616 0.0331579501854661 0.0329740582693903 0.0327766770456149 0.0325640642909414 0.0323344064950095 0.0320859074043127 0.0318168963144837 0.0315259556772629 0.0312120671314727 0.0308747685031636 0.0372272807570845 0.0368056158515896 0.0363641643325735
0.0316913006980631 0.0320288514862504 0.0324271300132191 0.0341044912850057 0.0346334115768018 0.036192092699398 0.0347289110596189 0.0352038480194942 0.0313992806271029 0.0320107877523059 0.0346705166645662 0.0353638777433133 0.0359869120272754 0.0387987197375306 0.0391289133999722 0.0352343533807539 0.0353319331282542 0.0353567101450892 0.0353159712923073 0.0352180533436287 0.0350717625527247 0.034804284861438 0.0349021960173196 0.0349633684219969 0.0349930023219597 0.0349958128974184 0.0349759812319724 0.0349371370115391 0.0348823641853289 0.0348142190327869 0.0347347575239006 0.0346455659308396 0.034547789837183 0.034442163176776 0.0343290316082156 0.0342083738612224 0.0340798195541636 0.0339426663668507 0.0337958965341317 0.0336381986193011 0.0334679942825863 0.0332834769085058 0.0330826633770168 0.0328634657514453 0.032623782349019 0.032361613187656 0.0320751988017886 0.0317631776464925 0.0314247603764604 0.0377300594169343 0.0372928866649458 0.0368312432765698
0.030643879683253 0.0309967997058617 0.0325354879827036 0.0330347539236538 0.0335928220941949 0.0343634689930448 0.0310931287973438 0.0336597114229111 0.0345956021404532 0.0314902600854476 0.0343126206923676 0.0350727014439492 0.0381295959602268 0.0386345149224138 0.0390369945072309 0.035240490318701 0.0353940938241669 0.0354709812803546 0.03547843122604 0.0354249214315171 0.0353195091961228 0.0351712958868383 0.0351106780338375 0.0351949304913603 0.0352461145437702 0.0352692263105597 0.0352687014910514 0.0352483941232499 0.0352115811250492 0.0351609814961645 0.0350987840768665 0.0350266792325739 0.0349458897472851 0.0348571993159106 0.0347609764632924 0.0346571954094964 0.03454545232559 0.0344249793710143 0.0342946611354324 0.0341530518309123 0.0339984003755104 0.0338286871830468 0.0336416762899336 0.0334349862097629 0.0332061863759468 0.0329529184337752 0.0326730445853129 0.03236481871442 0.0320270756499861 0.0383036093170602 0.0378531627941297 0.0373732349624945
0.0296347835040486 0.0300037796843348 0.031483838150217 0.0320090604211552 0.03259630708368 0.0296776941796952 0.0304212767050276 0.0329906500792522 0.0339796254684758 0.0349979356089694 0.0339592899494914 0.0347863423846471 0.037897530895233 0.0384765405103241 0.0349558398004162 0.035251631667294 0.0354616017315731 0.0355909583365907 0.0356469580835786 0.0356382149066882 0.0355740387254492 0.0354638590636038 0.0353331926822093 0.0354413227171769 0.035514859924692 0.0355590920115724 0.0355787190926548 0.0355778283961335 0.0355598986319817 0.0355278190463306 0.035483918865731 0.0354300000766892 0.0353673691535406 0.0352968667174953 0.0352188900917214 0.0351334149657705 0.0350400081856003 0.0349378413892517 0.0348257026882036 0.0347020120381515 0.0345648433219701 0.0344119579171044 0.0342408556788411 0.0340488470284669 0.0338331519696276 0.0335910273340796 0.0333199255342968 0.0330176780519768 0.0326827023989531 0.0389500920268146 0.0384892763899745 0.0379937770607961
0.0286630887408186 0.0290487649041281 0.0304747751374851 0.0232053051784476 0.023688281375373 0.0289771583521049 0.0297627780845986 0.0323321166766017 0.0333738477480653 0.0344482010168903 0.0336112883167205 0.0369241904804561 0.0376719824818868 0.0383252671130377 0.0349119738189684 0.0352680393919972 0.0355346432251846 0.0357167547308274 0.035821595731395 0.0358579123727912 0.0358352694298081 0.0357634305597802 0.0355693120079919 0.0357020739568588 0.0357987276719333 0.0358648634049732 0.0359054542639779 0.0359248303753198 0.0359266802226598 0.0359140711438993 0.0358894804095053 0.0358548291874363 0.0358115148355873 0.0357604416216222 0.0357020438635375 0.0356363045203697 0.0355627681263863 0.0354805505170177 0.0353883481180554 0.0352844484894789 0.0351667497491903 0.0350327912660866 0.0348798016477603 0.0347047712469972 0.0345045538055937 0.0342760000429231 0.034016125260114 0.0337223086272545 0.0333925155136219 0.0396713697899989 0.0392038064106204 0.0386963358124385
0.0277281727610546 0.0218499708721775 0.0220923124389334 0.02254418150689 0.0275320623078665 0.0282922904609701 0.0291191512757323 0.03000523880892 0.0327796426474635 0.0339098104295724 0.0332646896207192 0.0366314224186403 0.0374535999940954 0.0381812329301411 0.0348735428025036 0.0352900222269224 0.0356134428956407 0.0358485132914576 0.036002408867907 0.036084005233143 0.0361031246153609 0.0360698713749125 0.0358186018912923 0.0359766987793344 0.0360971859497084 0.0361859647793272 0.0362482918774622 0.0362887481134245 0.0363112399477781 0.0363190207929108 0.0363147234554146 0.0363003952572754 0.0362775328056147 0.036247111956155 0.0362096110583556 0.0361650289789682 0.0361128951327183 0.0360522768850565 0.0359817841660477 0.0358995773300227 0.0358033811521243 0.0356905120166226 0.0355579231349955 0.0354022768881317 0.0352200487147959 0.035007665727609 0.0347616858078277 0.0344790118427115 0.0341571327840592 0.0404687436354086 0.0399987448492186 0.0394837790669777
0.020827051545914 0.021009468016017 0.0214235572968546 0.0219020499189829 0.0268271193285654 0.0276247047521757 0.0284919356380062 0.0294215887385029 0.0321984362381595 0.0316338952220986 0.0328639839113791 0.0357535177564137 0.0367011930681721 0.0342664335967685 0.0348410022339302 0.0353179404945805 0.0356982673722549 0.0359864097388215 0.0361894866540573 0.0363165003762835 0.0363775348916161 0.0363830424115009 0.0360806254981412 0.0362647012935069 0.0364096835746386 0.0365217951477919 0.0366065838517214 0.0366688898116157 0.0367128450427848 0.0367418966613567 0.0367588400408554 0.0367658569085618 0.0367645505239946 0.0367559764127552 0.0367406662196218 0.0367186426286653 0.0366894293200606 0.0366520532835945 0.0366050461184505 0.0365464475081632 0.0364738134482626 0.036384239072851 0.0362744021657578 0.0361406324108361 0.0359790176165181 0.0357855495008667 0.0355563137530379 0.0352877193278836 0.0349767631609333 0.0413426836737186 0.0408751432244539 0.0403579064197334
0.0201723073585842 0.0203377437103778 0.0207760775945564 0.0253860354981173 0.0261420831029974 0.0269760237803161 0.0278826911197141 0.0288550809593103 0.0323885444075623 0.0311921485260559 0.0324753599164534 0.0354104427662439 0.0364179969234795 0.034176959171086 0.0348148736923345 0.0353522115709667 0.0357894307544244 0.0361306571338037 0.0363829448017804 0.0365554225972265 0.0366584407435908 0.0367028069401475 0.0363549471757376 0.0365655787954421 0.0367356560164364 0.0368717316274936 0.0369796537980731 0.037064528446386 0.0371307206505439 0.0371818777142988 0.0372209653235191 0.0372503065481882 0.0372716193531709 0.0372860478990381 0.0372941855070841 0.0372960892415977 0.0372912859066261 0.037278772201703 0.0372570110369033 0.0372239292346193 0.0371769208330622 0.0371128651975006 0.0370281655347303 0.036918817363264 0.036780515761922 0.0366088084330855 0.0363992965070843 0.0361478840094842 0.0358510665989182 0.0422925874834064 0.0418327900486772 0.0413190102926414
0.0195377395912531 0.0196895302015242 0.0201512766366454 0.0246900837699575 0.0254786256072268 0.0263478767453691 0.0272929989735279 0.0283072417865371 0.0319555957207871 0.0332987782852122 0.0339507094600882 0.035082724475407 0.0361499016100106 0.0340947381987626 0.0347957515745545 0.0353933148631773 0.0358872970935878 0.0362815075101719 0.0365829285199816 0.0368008163410209 0.0369457936138315 0.0370290315972747 0.0366411352347728 0.0368788242519524 0.0370745271691084 0.0372351343943157 0.0373668009926396 0.0374749058406446 0.0375640531292763 0.0376380973432125 0.0377001802561991 0.0377527741071855 0.0377977193929076 0.0378362570279236 0.037869051905504 0.0378962050550539 0.0379172572261768 0.037931185783546 0.0379363951096238 0.0379307091087966 0.0379113688294811 0.0378750436886113 0.037817866096473 0.0377354975598781 0.0376232372837026 0.0374761818568007 0.0372894388184795 0.0370583970322066 0.036779043754065 0.036448311057182 0.0428699715553692 0.0423655495883854
0.0186518415196945 0.019066180805118 0.0195504978410202 0.0240184647119129 0.0248384079987903 0.0257419000577225 0.0267244645468372 0.030188490121732 0.0315375213894129 0.0357317474657553 0.0371310503608092 0.0347712899947071 0.0358977214016797 0.0340205663732412 0.0347843081670139 0.0354417952928498 0.0359922847986657 0.0364392553773094 0.036789614222568 0.037052748110145 0.03723955872931 0.037361589551495 0.0374303077523141 0.0372039315971635 0.037425714730044 0.0376113502103252 0.0377673056402128 0.0378992388559604 0.0380119982891915 0.0381096506691493 0.038195520725316 0.0382722359172014 0.0383417669385988 0.0384054605427275 0.038464061792592 0.0385177263876505 0.0385660204578094 0.0386079127958359 0.0386417608432744 0.0386652964546724 0.0386756166289292 0.0386691887301803 0.0386418792264872 0.0385890166528556 0.0385055009668688 0.0383859705580829 0.0382250296601382 0.0380175407845057 0.0377589731900834 0.037445788563813 0.043983365405733 0.0434940075594916
0.0180339961143493 0.0184689707123075 0.0226114904168861 0.0233728299214943 0.0242230820326236 0.0251597412928352 0.0261787228539858 0.0297415615925706 0.0311359743314412 0.0353396769231815 0.0367980982546732 0.0344771479035814 0.0359903869800956 0.033955333789927 0.0347812971561647 0.0354982663013197 0.0361048666228615 0.0366042374995305 0.0370032097508756 0.0373113058199317 0.0375397147299889 0.0377003602429434 0.0378051345574136 0.0375403963463958 0.0377886325859422 0.0379997165146906 0.0381804335305075 0.0383367238912359 0.0384736851600685 0.0385956005883147 0.0387059829719229 0.0388076213707697 0.0389026234791099 0.0389924496641091 0.0390779353493444 0.0391593006541537 0.0392361478024389 0.0393074491119528 0.0393715266673695 0.0394260315152225 0.0394679267161738 0.0394934852936237 0.0394983118655199 0.0394774026341597 0.0394252548176419 0.0393360391352751 0.0392038429627936 0.0390229858388547 0.0387884026668562 0.0384960715213403 0.0451680800994328 0.0446989539998596
0.0174442467970437 0.0178990965504007 0.0219666406435274 0.0227548047952672 0.0236342968772667 0.0246030663525118 0.0279449783315655 0.029313511501038 0.0307527371805422 0.0349683431133914 0.0364852010681037 0.0346135355004998 0.0358425679938756 0.0369866417700789 0.0347875560444174 0.0355634106387969 0.0362255711508705 0.0367768332680663 0.0372239544063268 0.0375765995669045 0.0378462539072244 0.0380452307655589 0.0381858537498451 0.0378877194084281 0.0381626946937043 0.038399566012176 0.0386054402418497 0.0387865431748191 0.038948223786153 0.0390949855568592 0.0392305333912371 0.0393578230074153 0.0394791054305138 0.039595962841374 0.039709329201483 0.0398194991517722 0.0399261222382104 0.0400281852228489 0.0401239869247715 0.0402111085750554 0.0402863883963066 0.0403459127846086 0.0403850281512504 0.0403983972039111 0.040380107343276 0.0403238491860275 0.0402231733365121 0.0400718330132656 0.0398642007557015 0.0395957439278001 0.0464178404982132 0.0459733051826213
0.0202736607312774 0.0173576814271493 0.0213520139198371 0.0221659977242109 0.0230737080846699 0.0240735702206203 0.0274983021095032 0.0289062850672512 0.0330534337395125 0.0346195395157896 0.0330767656788168 0.034426491031664 0.0357123495605465 0.0369126202108378 0.0380095929636353 0.0356379795718961 0.0363549811031128 0.036957463068643 0.0374521165948428 0.037848759088268 0.0381591820825383 0.0383960956068214 0.038572260693801 0.0382454085800045 0.0385473167627346 0.0388102299678614 0.0390415770071219 0.0392478704355677 0.0394347119951161 0.0396068275325676 0.0397681169581825 0.0399217066579286 0.0400699973805805 0.0402146985273636 0.0403568516643564 0.0404968352412801 0.0406343561650196 0.0407684273705261 0.0408973346032434 0.0410185999315479 0.0411289465186485 0.0412242788793668 0.0412996881095296 0.0413494991196112 0.0413673789200351 0.0413465192430064 0.0412799082611799 0.0411606982654275 0.0409826606057168 0.0407407079423639 0.0477252848331484 0.0473087191289606
0.0196828257081522 0.0200263191384349 0.0207691399602995 0.0216080161271456 0.022542994245367 0.0235729914834094 0.0270751785494322 0.0285219737383867 0.0326761939763305 0.0342952169122136 0.0328543470802908 0.0342593180669928 0.0356010590634322 0.036856595945456 0.0380070800422708 0.0390389487434705 0.0364937292361596 0.0371465845403362 0.0376879913502973 0.0381279322883489 0.0384785151132713 0.0387528549345889 0.0389641535043361 0.038612979258027 0.0389419197547637 0.0392310413114309 0.0394880937547538 0.0397198757374152 0.039932241261148 0.0401301392418758 0.0403176661169717 0.0404981224395464 0.0406740621283487 0.0408473288775548 0.0410190784642471 0.0411897817188057 0.0413592131107191 0.041526421109187 0.0416896894634749 0.0418464900901494 0.0419934387393706 0.042126262866565 0.0422397969613117 0.0423280219418388 0.0423841684937214 0.0424009050107557 0.0423706224480421 0.0422858280739189 0.0421396395673779 0.0419263581038074 0.0490823267243294 0.0486960571955368
0.0191227114064813 0.0194545003745807 0.0202195439654965 0.0210824873682804 0.0220438757921758 0.0252905727230383 0.0266778296771865 0.0306985431515944 0.0323265113031035 0.0339974933654153 0.0326545216307677 0.0341136346551 0.0355101465529807 0.0368198271295914 0.0380226911553758 0.0391042639764172 0.0400562341503266 0.037344686203185 0.0379318944681711 0.038414279902714 0.0388042775476207 0.0391154137564894 0.039361332660281 0.0389899550187944 0.0393459299627307 0.0396613368765766 0.0399442430346381 0.0402017305056933 0.0404399033834854 0.0406639321292531 0.0408781104779967 0.0410859144086984 0.0412900549394518 0.0414925146117915 0.0416945697205097 0.0418967916377781 0.0420990298626031 0.042300378772373 0.0424991288854189 0.0426927104740632 0.0428776378082151 0.0430494638293251 0.0432027631789264 0.0433311622209431 0.0434274350966334 0.0434836950494947 0.0434916927427733 0.043443236013363 0.043330726054109 0.0431477809338951 0.0450227161001049 0.0501258530641061
0.0185948820202464 0.0189181629717801 0.0197047783847625 0.0205910878874246 0.0215781403271308 0.0248883738570873 0.02630864340366 0.0303322972140305 0.0320067457399298 0.0309331955080614 0.0324792026539017 0.0339911991405169 0.0354411800284374 0.0368036678062131 0.0380575539460789 0.0391874714996365 0.0401845110939621 0.0410462257426958 0.038184156268503 0.0387079705544813 0.0391364972360117 0.0389675195278541 0.039328677368376 0.0396317504308104 0.0397587808079333 0.0401004597225942 0.0404092836749218 0.0406926118501336 0.0409567950544473 0.0412072224151899 0.041448383641216 0.0416839309278534 0.0419167339546224 0.0421489180196851 0.0423818857811302 0.0426163150204679 0.0428521386271229 0.0430885045931782 0.0433237177248191 0.0435551748064951 0.0437792924408857 0.0439914499605852 0.0441859566132383 0.0443560688924029 0.0444940799128062 0.0445915090155056 0.0446394150380088 0.0446288431659572 0.0445514038397477 0.0443999537694292 0.0463367003428227 0.0460323129064683
0.0177104168957179 0.0184187730059036 0.0192264628994264 0.0201355773240919 0.0211476710183776 0.0245173617954244 0.0259701902502314 0.0299994981190463 0.031719445757669 0.0307347380964013 0.0323304592017793 0.0338939029239033 0.0353958372801911 0.0368095579413753 0.0381128598476814 0.0392895153379057 0.0403300528912066 0.0412317741524931 0.0377474848799507 0.038392417684493 0.0389398067334309 0.0394020865364632 0.0397921759595258 0.0401227425083013 0.0404056875347995 0.0405477597862586 0.040882481537284 0.041191705599218 0.0414820228290461 0.0417590370060619 0.0420274308705301 0.0422910319406024 0.0425528699395075 0.0428152157659897 0.0430796017127705 0.0433468179172469 0.0436168873572478 0.0438890184989361 0.044161538410707 0.0444318142831003 0.0446961695543403 0.0449498081156182 0.0451867659143906 0.0453999116207999 0.0455810268926899 0.0457209934954008 0.0458101184703794 0.0458386114648481 0.0457972104257579 0.0478660095243797 0.0476754678702073 0.047396840403498
