R/Data/side_v1_12_9.asc
NCOLS 365 
NROWS 740 
XLLCORNER 0.791666667335165 
YLLCORNER 6.2083333340009 
CELLSIZE 0.00833333332967033 
NODATA_value -9999 
[rows 575 to 597 of 740, columns 104 to 155 of 365]
-9999 0.0201348601236431 0.0206776547319174 0.0212319132005807 0.0223232840070646 0.0228838541385254 0.0234452473749675 0.0240027512194129 0.0245511816479343 0.0250849616656907 0.0255982270592956 0.0292028350745984 0.029629858092368 0.0300176591066827 0.0303606800657886 0.0306538147064585 0.0308925433425509 0.0310730440477518 0.031192270378868 0.0312479987097867 0.0312388364284539 0.030819512293621 0.0307125014782163 0.0305403503371641 0.0303044505736922 0.0300067338477771 0.0296495667249258 0.0292356578038669 0.0287679712098909 0.0282496614204849 0.0276840241725173 0.0268484468086136 0.0261958156404934 0.0255068463719225 0.026801261597612 0.0260561649090508 0.0252854395553628 0.0243628839320195 0.0235463420734048 0.0225267470637024 0.0216942636175314 0.0204249376227345 0.019592191423294 0.0187686805641552 0.0179604351850527 0.0171736023787049 0.0162894231402961 0.0155695230988965 0.0148874904227361 0.0142471136930187 0.0136502174405413 0.0130961456156259
-9999 0.0196754092757018 0.0202087450504539 0.0207539204941204 0.0213078914792974 0.0218670383427401 0.0229436907058763 0.0234938153611476 0.0240352058196083 0.0245621679511495 0.0250686783577725 0.0255485160992511 0.0259954115504553 0.026403219544993 0.0267660869552114 0.0270786230766509 0.027336049869618 0.0303807571695737 0.0304840006334478 0.0305220666870847 0.0304935915456152 0.0300799308269155 0.0299503105158071 0.0297542278161556 0.029493384410269 0.0291700742645731 0.0287870657489178 0.02834749199276 0.0278547508078704 0.0273124239966935 0.0267242165581405 0.0260939142659101 0.0251984182933416 0.0244937041819178 0.0256730967098013 0.0249165322982223 0.0241372476673342 0.0233396008128278 0.0225281534405008 0.0217077089936546 0.0205914386153112 0.019765203965724 0.0185336749488106 0.0177254600919626 0.0169351039280671 0.0161686816305865 0.0153044007615041 0.0146103487127999 0.0139569811435265 0.0133483885275218 0.0127865966042591 0.0122708062089525
-9999 0.0192199753630929 0.0197435885441558 0.0202794544258295 0.0208245927442277 0.021375429251132 0.0219277854011943 0.0224768927118958 0.0235213983620848 0.0240418599571815 0.0245421057933181 0.0250157305348496 0.0254562482791136 0.0258572708853533 0.0262126908408477 0.0265168678324213 0.0267647961164022 0.026952249764357 0.0270758897008947 0.0271333338146409 0.0271231809324968 0.0267525504955777 0.0292179464691104 0.0290004446188067 0.0287172368875173 0.0283709738585965 0.0279648200092893 0.027502327114237 0.026987317988381 0.0264237920077489 0.0258158487203255 0.0251676359301746 0.0242578759946171 0.0235401688937544 0.0246141383323345 0.0238490307401398 0.0230639838013741 0.0222633888437499 0.021451781891558 0.0206338877345722 0.0198146580924104 0.0189993041110583 0.0179387099287121 0.0171457060841595 0.0159840555596353 0.0152371985360212 0.0143921181139124 0.0137219930498294 0.0130948524553229 0.0125152142431409 0.0119854875258455 0.0115048885706426
-9999 0.0187681289979303 0.0192817178059642 0.0198080003277013 0.0203440793806351 0.0208864448733909 0.0214309581519095 0.0219728580941025 0.022506797657578 0.0230269090797645 0.0240179702226419 0.0244859984549264 0.0249209513784782 0.0253162005496714 0.0256653824989807 0.025962598652705 0.0262026025659438 0.0263809614018728 0.026494183489418 0.0265397981979179 0.0265163915274717 0.0261553198895109 0.0260254021432068 0.0258269374061434 0.0255621773335001 0.0252340786522354 0.0248901961838381 0.0244425418462717 0.0239433475489863 0.0233969840655895 0.0228078941849334 0.0221805259145501 0.0214083183269218 0.0207022780118939 0.0236222818850494 0.0228513678607175 0.022063174175103 0.0212620914216159 0.0204525965495052 0.0196392978031634 0.0188269808199105 0.0180206509451428 0.0172255715524874 0.0164472989243086 0.0156917068561987 0.0143774142291821 0.0122787004025388 0.0116478378991989 0.0110598896693461 0.0104825685599749 0.00999498876267708 0.00955776286380087
-9999 0.0183195652771089 0.0188227977774107 0.0193391861525658 0.0198659325627795 0.0203996120460134 0.020936147913171 0.0214708106133143 0.0219982443331107 0.0225125291487315 0.023871885660429 0.0243286992767934 0.0247525646363537 0.0251366215936374 0.0251235035101355 0.0254151175655449 0.0256487376011958 0.0258197069410216 0.0259243586479072 0.0259601120001888 0.025925518243608 0.0255749299147476 0.0254308433351687 0.0252170775601182 0.0249361611040394 0.024591387321793 0.0241866457873014 0.0237682679933024 0.0232532013997624 0.0226920320044127 0.0220895761237067 0.0214506160182326 0.020779850686554 0.0199565326542891 0.0203944814223688 0.0196518954612962 0.0188946045189444 0.0181268729390284 0.0173529665014947 0.0187204741063331 0.0179167294721075 0.0155573224330519 0.0148052698780995 0.0140697728367953 0.0133561590396536 0.0126700940339764 0.0118091637193209 0.0109798055157252 0.0104122977589937 0.00985921200346219 0.00939660303747936 0.00898739872653967
-9999 0.0178740998897936 0.0183666234878483 0.0188727777457488 0.0193898810782434 0.0199146129430782 0.020442981845127 0.0209703126601997 0.021491268482843 0.0219999009057452 0.0224897432572209 0.023797462338294 0.0242170614928783 0.0245970659850222 0.0249306006494763 0.0252112314640744 0.0254331901175579 0.0255915797744694 0.0256825358175181 0.0253935160099653 0.0253497708366402 0.0252341508388352 0.0250475128938508 0.0247917672885709 0.0244697480439948 0.0240850539272409 0.0236418845637444 0.0231886830997972 0.0226391148618378 0.0220458808293903 0.0214141100040929 0.0207488884866889 0.0200552010725419 0.0177283089727921 0.0195820179776427 0.0188280047874071 0.0161246557603827 0.015389377890393 0.0146516814093138 0.013954686073235 0.0132234468879025 0.0125950485660984 0.0118862505422192 0.0111940692214183 0.0105230671764301 0.00987807007303478 0.00918465308763721 0.00860746109810129 0.00807388141597192 0.0075094128246215 0.00884786834326469 0.00846441250011154
-9999 0.0174316606267468 0.0179131112106253 0.0184086714450351 0.0189157922601199 0.0194312766659953 0.0199512398514171 0.0204710878902433 0.0209855271032824 0.0214886080487076 0.0219738103763885 0.0232698857828495 0.0236858847963811 0.0240627161071262 0.0243932495797533 0.0246707737841617 0.0248892411578473 0.0250434927715704 0.02512944401086 0.0251442195006611 0.0250862260670953 0.0249551618739987 0.0247519667116734 0.0243096991591761 0.0238696838238132 0.0234737865355989 0.0230194071456803 0.0225115446277495 0.0219974650929448 0.0213951517557128 0.0191974133964476 0.0184598920443021 0.0178027434251384 0.0171236735652433 0.0164274473266053 0.0162306498171734 0.0155061332809566 0.0147773178152948 0.0140482499664461 0.0133585682560766 0.0126398072144864 0.0120234871443865 0.0113295547042751 0.0106533202484034 0.00999901233090394 0.00937112344483698 0.00877451950233765 0.00821458188544143 0.00762634908329733 0.00715737263971494 0.00674290843949486 0.00632561053358889
-9999 0.0166926043314875 0.0174622901735946 0.017946885469492 0.0184436638883918 0.0189495702376902 0.0194608491135566 0.0199730116815666 0.0204808349907969 0.0209783965981803 0.0214591481576035 0.0219160396522771 0.0231585005824078 0.0235329530448421 0.0238614978781615 0.0241371422227526 0.0243535459629956 0.0245052684598314 0.0245879797557053 0.0245986154008574 0.0245354673593326 0.0243982046515586 0.0241878261958033 0.0239065542175124 0.0216346302007379 0.0212656225213349 0.0208380326297795 0.0203571678875178 0.0198286343344143 0.0191474066380721 0.0186313711973691 0.0179945185228221 0.0172283832169756 0.0165484322938645 0.0158534803309883 0.0156434569584306 0.0149245473634193 0.0142034730708303 0.0134841667254144 0.0128032032912484 0.0120977380290309 0.011493702957388 0.0108152047447968 0.0101552965690776 0.00951785336701201 0.00890699999374057 0.0083272460321593 0.00778369047950912 0.00728230653386499 0.00676523052888611 0.00636869134212714 0.00597557528853497
-9999 0.0163188432034995 0.0167549437513177 0.0172050668120911 0.0183513651487813 0.0188099896175785 0.0189718687575745 0.0194760982705494 0.0199771512006679 0.0204691593230917 0.0209455761210647 0.0213992912533409 0.0226345150851734 0.0230072970776472 0.0233347811307185 0.0236096909846736 0.0238253825775738 0.0239761146182244 0.0240572857202643 0.0240656118365272 0.0219597314947622 0.0218606987627092 0.0216877490731076 0.0214431655274226 0.0211303880699788 0.0207538144652285 0.0203185798104032 0.0198303369533872 0.0192950451875819 0.018718784177037 0.0181075962388013 0.0174673644459117 0.0167774658631742 0.0160944450072848 0.0153093871427031 0.0150902766952583 0.0143782442877195 0.0136660553300454 0.0129575211000074 0.012256250068384 0.0115950660686373 0.011003495193376 0.0103409598305071 0.00969775604972532 0.00907739446552712 0.00848360497478815 0.00792048407429467 0.00739274043762109 0.00690611307982487 0.00646800352214698 0.0060278855099252 0.0056567459856664
-9999 0.0159446502869573 0.0163697814344031 0.0168092728987788 0.0179518138425201 0.0184004983496913 0.0188562451762305 0.0193149985785335 0.0197719131259199 0.0202213613439573 0.0206569838402832 0.021071790668319 0.0214583192583081 0.0218088441228077 0.0228126608874421 0.0208901148465301 0.0211466025249515 0.021338563922178 0.0214610085248608 0.0215103155183196 0.021484367498883 0.02138260058121 0.0212059750682442 0.0209568645539903 0.0206388873310933 0.0202566906896074 0.0198157141244411 0.0193219453334389 0.0187816894208145 0.0182013625109314 0.0175873160610945 0.0169457018409299 0.0162570089050444 0.0155760984783333 0.0148842138220812 0.0145741405495519 0.0138714153332372 0.0131632942407915 0.0124664259258136 0.0117784146129865 0.0111296574547657 0.0105507055587738 0.00990462241053664 0.00927850334091887 0.00867549483405785 0.00809892033814701 0.00755241952684044 0.00704020119989691 0.00656753920949465 0.0061417801830362 0.00573899591551574 0.00536812559983266
-9999 0.015570612113256 0.015984432209241 0.0164129220676995 0.0168543040530147 0.0179903920898283 0.0184366556516273 0.0188869728422885 0.0193366554391891 0.0197801959757043 0.0202113042198612 0.0176182550842087 0.0180799237348794 0.0185077684384661 0.0188935670796839 0.019255004687459 0.0195319362429873 0.0197447540370095 0.019888085920719 0.019957974773161 0.0199520366708377 0.0198695356459504 0.0197113609877469 0.0194799206886922 0.0191789657779277 0.0188133594682026 0.0183888189345712 0.0179116504265415 0.017388493240946 0.0168260911262215 0.0162310983731671 0.0156159952969843 0.014974413526952 0.0143183482446644 0.0136535819612468 0.0140880680883701 0.0133944975787543 0.0127044477278483 0.0120214750034888 0.0113488430104106 0.0106895798234341 0.010046537064639 0.00942808794721474 0.00882369342963084 0.00824369720639817 0.00769083169587999 0.00716801078157071 0.00667853453012053 0.0062265327539099 0.00581809384579599 0.00543142037960365 0.00514956961316031
-9999 0.0122323692975649 0.0126718986097322 0.0131293936502059 0.0136042625847267 0.014093697199683 0.014629353832987 0.0151376616166868 0.0156489487702535 0.0161497296869955 0.0166586202607722 0.0171422711447952 0.0176018970720546 0.0180292325241713 0.0184158477124954 0.0187534655811481 0.0190589646967468 0.0192746967927285 0.0194209255496918 0.0194933660780784 0.0194893710971712 0.0194080253880352 0.0192501382828104 0.0190181434900569 0.0187159140865227 0.0183485215949481 0.0179219550714674 0.0174428354192618 0.0169181332550108 0.0163549186325208 0.0157601481569013 0.0151404967456357 0.0145079124289711 0.0138565373742806 0.0131976164134072 0.0125448312357581 0.011883397490698 0.0112273815570553 0.0105801726597033 0.00994482262512335 0.00932411108111024 0.00872060926565645 0.0081367430779123 0.00757484933853199 0.00703723562820221 0.0065267580638305 0.00604477321773989 0.00559456199328522 0.00517930486887729 0.004803267483264 0.00447378842677462 0.00492013738977979
-9999 0.0118553445984958 0.0122803518164451 0.01272416798215 0.0131848486177445 0.0136614359996543 0.0141852561613906 0.0146830114835257 0.0151852014967315 0.0156864527107778 0.0161725052280519 0.0166520954770887 0.0171190369738417 0.0175461063476342 0.0179340033875337 0.018274181069549 0.0185834876580928 0.018803284327695 0.0189537521279607 0.0190302459835871 0.0190298144794425 0.0189513222988853 0.0187954598897885 0.0185646485646019 0.0182628560788138 0.0178953370799302 0.0174683384131189 0.0169887835803955 0.0164639681348436 0.0159012862583713 0.0153079936184653 0.0146910258809377 0.0140610192283662 0.0134167428361805 0.0127651449033854 0.0121229023595579 0.0114703881683467 0.0108266163261698 0.0101931034073146 0.00957273878475409 0.00896811032523237 0.00838157592489542 0.00781533210432957 0.00727147864049436 0.00675208059683385 0.0062592346995139 0.00579514925942151 0.00536226691911798 0.00496396459229769 0.00460316703837094 0.0042870365452264 0.00403488517952916
-9999 0.0114785879015516 0.0118887290220342 0.0123179744156697 0.0127651194387404 0.0132277949545648 0.0137046259394546 0.0142259452292316 0.0147185719834357 0.0152119534795529 0.0156999797389389 0.0161676106714667 0.016622985211423 0.0170592719274576 0.0174488203455682 0.0177921581361511 0.0181035678506569 0.0183310163766459 0.0184869809837814 0.018568951506256 0.0185736331489508 0.0184996267547513 0.0183474608390714 0.018119507627453 0.0178197947766181 0.0174537377308105 0.0170278216870239 0.016549261953886 0.0160256742686621 0.015464771830111 0.0148741103054757 0.0142608847988094 0.0136317852230152 0.012996783698348 0.012354615143892 0.0117218688033241 0.0110805864587999 0.0104495345993672 0.00983009307999632 0.00922499093683063 0.0086366288640065 0.00806715833494407 0.00751855824011895 0.0069927063880121 0.00649144911340012 0.00601667302693271 0.00557039337491092 0.00515488741136327 0.00477295000287007 0.00442857413390106 0.00412867994597117 0.00388765293279637
-9999 0.0111031237995627 0.0114981072174606 0.011912437445203 0.0123451244061136 0.0127945956912797 0.0132579998922739 0.0137676821183987 0.0142502675705099 0.0147353386859111 0.0152169874117147 0.0156883381266789 0.0161335886247871 0.0165603039144684 0.0169610967638859 0.0173080910460867 0.0176018372200327 0.0178559079606859 0.0180210095831978 0.0181097955178223 0.0181210618886147 0.018053101513898 0.0179062365380272 0.0176827480797025 0.017386690335702 0.0170236113144242 0.0166002153121145 0.0161239987916378 0.0156028893925558 0.0150449192571361 0.0144579432040762 0.0138494172655144 0.013226241552425 0.0125985275219212 0.0119638216238771 0.0113424019113678 0.010712828992534 0.0100948817761533 0.00948980122505657 0.00890015874563631 0.00832817190376147 0.00777579285791804 0.00724479287946274 0.00673684199009436 0.006253586745386 0.00579673043233313 0.00536813351811258 0.00496996343849289 0.00460504346029527 0.00427723950424699 0.0039933489866373 0.00376203840838362
0.0103702076544415 0.0107299404658758 0.0111095298437878 0.01150865096421 0.0119265297014909 0.0123618367734128 0.0128125768647188 0.0133094328412124 0.0137814934430253 0.0142577901814929 0.0147326499239387 0.0151993761198174 0.015642337196162 0.0160689571686877 0.016462347645829 0.0168226811696841 0.0171221128868977 0.0173834073944397 0.0175538078466816 0.017653068817599 0.0176723077642226 0.0176118770328542 0.0174718458386052 0.0172543603592634 0.0169634636269462 0.0166048068666256 0.0161852933053634 0.0157126867225481 0.0151952215432909 0.0146412458925444 0.0140589151154237 0.0134559492065518 0.0128394603692141 0.0122158435468622 0.0115943365317921 0.01098343719189 0.0103659614538111 0.00976141736333417 0.00917090630635214 0.00859684441479032 0.00804127053753796 0.00750594337531671 0.00699243501322467 0.00650221846528099 0.00603675418368099 0.00559757915338936 0.0051864168861196 0.00480533716256043 0.00445709016627469 0.00414539798599048 0.00387586000977843 0.00365314992010312
0.0100182576592776 0.010362249316607 0.0107239997805223 0.0111076725789402 0.0115104408995725 0.0119312215000874 0.0123682922420748 0.01281917027036 0.0133134443229725 0.013780485507957 0.0142481083181897 0.0147098320579687 0.0151581469321393 0.0155766478215561 0.015972176190261 0.0163273945277211 0.0166422593889239 0.0168892699688116 0.0170905888489404 0.0171967008328574 0.0172275534210613 0.0171760545783873 0.0170443147617126 0.016834299999362 0.0165500010182694 0.016197140646962 0.0157827983529215 0.0153149908283767 0.0148022531393065 0.0142532478822036 0.0136764327428875 0.0130797949938205 0.0124706630857458 0.0118555878549291 0.0112438960887474 0.010640774831529 0.010040505121356 0.00944792188216284 0.00887211276673555 0.00831368101200055 0.00777449056644464 0.00725611158262887 0.00675992319947211 0.0062872088093081 0.00583925019661605 0.00541742388029528 0.00502331448156743 0.00465886873612627 0.00432666803960835 0.00403002408283372 0.00377310227655205 0.00355808547263749
0.0096683945460314 0.00999683034438623 0.0103449312415858 0.0107105129964755 0.0110979212311657 0.011503857989424 0.0119268784079561 0.0123648026568535 0.0128472955600762 0.0133045903870811 0.0137644991211806 0.0142207928855253 0.0146661427514854 0.0150922257667379 0.0154819342741286 0.0158416224275345 0.0161537091442136 0.0164181683187125 0.0166292909529538 0.016745649931923 0.0167846956133865 0.0167457102473878 0.0166236418381669 0.0164224925108679 0.0161461585248103 0.0158003994382627 0.015392445708531 0.0149305525924344 0.0144235471288574 0.0138804061219416 0.0133098916593516 0.0127202634004927 0.0121190707386161 0.0115130252605779 0.0109079448711326 0.0103197009186127 0.00972909867422455 0.00915320291623597 0.00859215757020705 0.00804933936514917 0.00752644036690005 0.00702484634425235 0.00654574734471494 0.00609024121828158 0.00565943270376343 0.00525453412653827 0.00487697494574232 0.00452853327365732 0.00421151858910249 0.00392867373475858 0.00368286708525962 0.0034747856094109
0.00932347983938275 0.0096363536138713 0.00996872488982604 0.0103207901429606 0.0106924002043352 0.0110808098722497 0.0114894395512305 0.0119140031622206 0.0123517893420665 0.0128312512011258 0.0132829464091756 0.0137333393285009 0.0141753224597823 0.0146007018593419 0.015000379014314 0.015356664757896 0.0156755805008309 0.0159395705860339 0.0161702725555979 0.0162978087774212 0.0163484238410865 0.016320899022487 0.0162098006675903 0.016018838108911 0.0157517666504458 0.0154143459295237 0.015013929641025 0.0145589945463395 0.0140586519534787 0.013522191201863 0.0129586824375379 0.0123766627010438 0.0117839090144605 0.0111872998014057 0.0105927531820271 0.0100160199374119 0.00943820979528301 0.00887610122508467 0.00832981631417848 0.00780253447977657 0.00729577810512938 0.0068107515794441 0.00634845859493721 0.00590981161200504 0.00549573619224978 0.00510727027275632 0.00474566486425886 0.00441248169553989 0.00410968376700591 0.00383940369663297 0.0036034671796365 0.00340167626786848
0.00898423983588224 0.00928160273229266 0.00959824089779063 0.00993450887257598 0.0102904531116319 0.0106657104615427 0.0110570320970129 0.0114678636125013 0.0118932114302596 0.012361585696235 0.0128045538124795 0.0132485399686799 0.0136866976531249 0.0141110049703657 0.014512420890381 0.0148811597888994 0.0151991377925271 0.0154722610405292 0.0156833363226948 0.0158534160480997 0.0159165944131121 0.0158994886985874 0.015802744607091 0.0156232145627432 0.0153666344475293 0.0150387223854294 0.0146469263083695 0.0141999252504697 0.0137071058262696 0.0131780681873553 0.0126221946280165 0.0120483056100741 0.0114644132976865 0.0108775696135067 0.0102938002664676 0.00972874169914287 0.00916380795234597 0.00861434372882098 0.00808390752053588 0.00757202951312841 0.00708121638924667 0.00661249236106098 0.00616667577621348 0.00574449298053485 0.00534668443293223 0.0049741014605188 0.0046277921624414 0.00430906477347494 0.00401949860666609 0.00376065125836026 0.00353355638876807 0.00333750099470521
0.00876468202003596 0.00905201933979402 0.0093582846500184 0.00968391834772901 0.0100290904762379 0.0103936050849378 0.0107767875630371 0.0111773534386704 0.0115909615442649 0.0120196177948158 0.0124883769831022 0.0127674446508371 0.0132012685974729 0.013624063742189 0.0140268929985528 0.014399936359036 0.014724988512299 0.0150074897618799 0.01522985927132 0.0154127042104171 0.0154893296575287 0.0154858551931842 0.0154003312310247 0.0152354814448623 0.0149905517989938 0.0146732539878967 0.0142910976747617 0.0138529425617897 0.0133684405800693 0.012847500542463 0.0122998209440553 0.0117345127699161 0.0111598320425917 0.0105830125055937 0.0100101940164898 0.00945690547483077 0.00890487036018027 0.00836919852351032 0.00785220287888326 0.00735664061036574 0.00688152644759185 0.00642879916967505 0.00599909169336813 0.00559294195511654 0.00521089905313512 0.00485361496242783 0.00452191518537356 0.00421683123088242 0.00393955420409835 0.00369113734316552 0.00347202983169089 0.00328122839443379
0.00843930886299024 0.00871158639573871 0.00900248032777486 0.00931256455787409 0.00964217872434551 0.00999133622315143 0.0103596136526645 0.0107460185097474 0.0111488440124981 0.0115655107376894 0.0120248766051155 0.0122910773368557 0.0127200186909614 0.0131407988084998 0.0135446298851529 0.0139217055285547 0.0142615639078203 0.0145457413873941 0.0147797486033672 0.0149466605252621 0.0150667451186982 0.0150778299790122 0.0150066529593869 0.0148535024169827 0.0146232945747579 0.0143176536421475 0.0139460955772944 0.0135176380314372 0.0130421857282523 0.0125299542085986 0.0119909613576445 0.0114346174306404 0.0108694311613982 0.0103028279009526 0.00975291536525194 0.00919958389393326 0.00866041218350214 0.00813843138543001 0.00763584731271647 0.00715523910929679 0.00669554115234936 0.00625847097436267 0.00584447569682959 0.00545390228139635 0.00508710257112657 0.00474451861301118 0.00442673991005948 0.00413451219237909 0.00386865455941853 0.0036297962738604 0.00341796128690757 0.00323199398470365
0.00812126302345514 0.00837868474311468 0.00865436810565903 0.0089490096531195 0.00926310805985069 0.0095968758517165 0.00995013286144671 0.0103221744997875 0.010711621590599 0.0111162557959491 0.0115328513309708 0.0118237662335986 0.012243908433506 0.0126621154417701 0.0130664598458431 0.0134471967128437 0.0137937674668248 0.014095284679045 0.0143333618291811 0.0145139362111901 0.0146440733906626 0.0146754182722648 0.0146195332388067 0.0144810845518902 0.014262747793562 0.0139716232287817 0.0136115646197866 0.0131935995214155 0.0127278717774763 0.012224900254659 0.0116950259673125 0.0111479673457329 0.0105924964416134 0.0100362403262223 0.00949726474695914 0.00895588444291569 0.008429489077483 0.00792105068595634 0.00743267163442171 0.0069657526943282 0.00652215619826916 0.00610037625134422 0.00570167460787009 0.0053262051689357 0.00497411778092505 0.0046456373906246 0.00434111066711018 0.00406099879071342 0.00380577700813743 0.00357572589184283 0.00337056140554214 0.00318906094409713
