R/Data/side_v1_12_8.asc
NCOLS 365 
NROWS 740 
XLLCORNER 0.791666667335165 
YLLCORNER 6.2083333340009 
CELLSIZE 0.00833333332967033 
NODATA_value -9999 
[rows 621 to 643 of 740, columns 104 to 155 of 365]
0.0028227870635809 0.00282177975857471 0.00282720909010909 0.00283970245082009 0.00286318872344132 0.00290009721912177 0.00293880660307951 0.00298802071174785 0.00304890906655548 0.003122849847749 0.00321153933172964 0.00332384182087056 0.00344943424916005 0.00359987820064146 0.00377125887763042 0.00396206119364877 0.00417078583435163 0.00440632248413989 0.00464373929520697 0.00488835231811601 0.00514363694437411 0.00538075363353348 0.00561188153134177 0.00580107594649348 0.00595060790232805 0.00605114950298016 0.00623833501208328 0.00622943517134737 0.00615993703753691 0.00603462299279454 0.00586811413928636 0.00565809719960068 0.00543178616230201 0.00518485528498915 0.00493716913831551 0.00469804931554729 0.00447479097867791 0.00427254759395057 0.00409429035022433 0.00394080017152245 0.00380831066959211 0.00368541039905895 0.00357281226109233 0.00347096418281442 0.00337823717706079 0.00329186656298691 0.00320881784179111 0.00312582557993809 0.00303458166115559 0.00292556897552601 0.00279637853019153 0.00265437439167585
0.00272435267422817 0.00272143043005602 0.00272476125269519 0.00273496066727479 0.00275181661694772 0.00278449491163169 0.00282427933258521 0.00287027096964497 0.00292771245692729 0.00299801244359386 0.00308293372244426 0.00318484414621893 0.00331216535490657 0.00345646920739132 0.00362177527767315 0.00380700398241581 0.00401094479681179 0.00423501926473921 0.00447797856658134 0.00472254039506712 0.0049700011937462 0.00522245985896572 0.00544936687562707 0.00566123168215082 0.00582343030093046 0.00593803342531002 0.00613708421872601 0.00614294481191201 0.00608679754417141 0.00597265157865894 0.00580853613782102 0.00561062803803986 0.00538741811724131 0.00514187198306786 0.00489413868099047 0.00465415983353299 0.00442984126666255 0.00422692229129231 0.00404891033873451 0.0038971206944136 0.00376967408013572 0.00364871331705853 0.00353884079169288 0.00344040505049686 0.00335132550745047 0.00326865024576559 0.00318922141567921 0.00311042302001378 0.00302298632911016 0.00291524671865428 0.0027836461559661 0.00263851017535607
0.00262913597758298 0.00262608913896948 0.00262743533759633 0.00263546037333672 0.00265084068051778 0.00267433723569958 0.00271243222701724 0.00275938114053902 0.00281356639364325 0.00288040015298244 0.00296164641742547 0.00305953831833642 0.00318191164648635 0.00332023840390001 0.00347931379907487 0.00365858061056326 0.00385718648368271 0.0040736367737296 0.00430873826375176 0.00456036249114077 0.00480914386752982 0.0050553168704899 0.00529949122048813 0.00552107062392348 0.00569527994551247 0.00582357723511495 0.00603438990979926 0.00605519527619539 0.00601282075891322 0.00591039979884119 0.00575541101567534 0.00556398375194831 0.00534423986529072 0.00510023025174019 0.0048523935594895 0.00461129792196867 0.00438547598454808 0.00418128401378808 0.00400289718326492 0.00385200623913891 0.00372755395437013 0.00360898545783527 0.00350223575670382 0.00340749033960946 0.00332190639897323 0.00324263226514559 0.00316666529528156 0.00309077430548187 0.00300595809028676 0.00289897893079077 0.00276456569850017 0.002616695766774
0.00254122528731484 0.00253475178684244 0.00253417244953191 0.00254007964281091 0.00255498048445916 0.002576041251996 0.0026083593459378 0.00265139612590077 0.00270609146258435 0.00276956977950867 0.00284716186048093 0.00294091950873888 0.00305296613226959 0.00319070278378853 0.00334349666434798 0.00351655306433882 0.00370940239112746 0.00392094160896515 0.00415247848814071 0.00439350284511136 0.00464203647563063 0.00490022903450341 0.00514348044942513 0.00537319338277486 0.00556628675031858 0.00570783186198614 0.00593022685428788 0.00596610611814906 0.00593790744611802 0.00584779018853028 0.00570256447297805 0.00551883801441924 0.00530240910932686 0.00506018137535396 0.00481226970711591 0.00456987038960864 0.00434215276495049 0.00413608953992848 0.00395659701765418 0.00380669392422014 0.00368129231420347 0.00356652015871554 0.00346366399435311 0.00337235779030226 0.00329014784932942 0.00321374093519599 0.00314033956043816 0.00306601728487229 0.0029818823483581 0.00287362663214195 0.00273769736524938 0.00258845865916127
0.00245857173716851 0.00245052904186195 0.0024482159384016 0.00245221499982041 0.0024631791624484 0.00248184355642897 0.00250904325292712 0.00255029228831705 0.00260128649748651 0.00266513816778376 0.0027390829353063 0.00282864392729021 0.00293570672200027 0.00306753787752997 0.00321404356048667 0.00338072664419647 0.00356749484331995 0.00377363943492555 0.00400097621937699 0.00423932647314862 0.00448725010971718 0.00473777086198589 0.00499161486609828 0.00522287563852884 0.00542913009062127 0.00558374916460778 0.00569302087100882 0.00573572364751179 0.0057158920806324 0.00563531938977034 0.00550045492403365 0.00532725519301112 0.00512192961479154 0.00489097091843593 0.00465432893810748 0.00442319467546558 0.00420681429549668 0.00401232264976355 0.00384495623154272 0.0037086102386561 0.00359866638733606 0.00350449446841244 0.00342261846104375 0.00335033856334855 0.00328503371255701 0.00322146064095559 0.00310991199049234 0.00303564185643824 0.00295041963305791 0.00283873853528686 0.00270198277378554 0.0025539789859939
0.00238095987431084 0.00237145261953677 0.00236751626812353 0.00236972411147609 0.00237871846588594 0.00239522181739002 0.00242005265630014 0.0024541486704793 0.00250074310516782 0.0025632872605867 0.00263685201552776 0.00272217962488759 0.00282425781459916 0.00294453154987127 0.00309073999492558 0.00325094625207681 0.00343138401166658 0.00363173282123183 0.00385431549191238 0.00408928168993356 0.00433573912313117 0.00458716668774912 0.00483487156674575 0.00508256343235863 0.00528878409321218 0.0054654283317247 0.00558183486224172 0.00564593965109816 0.00564013516078001 0.00557203169589553 0.00544725850602976 0.00528116598989046 0.00507373793755112 0.0048511163635181 0.0046140460150312 0.0043809344488472 0.00416165728010868 0.00396387037598771 0.00379296987253871 0.00365260631059764 0.00354353275163728 0.00345345288916895 0.00337565060256187 0.00330661652799521 0.00324320958990783 0.00318118637135378 0.00307570596819967 0.00299987681933876 0.00291202203168064 0.00279720325573063 0.00266006780597386 0.00251481552227727
0.00230818204636788 0.00229730738659205 0.0022918500405342 0.00229237452913981 0.00229951269022729 0.00231397324063411 0.00233655573924593 0.0023681703639467 0.00240986416359252 0.00246503055014261 0.00253742152233827 0.0026182067551358 0.00271494574179243 0.0028337739985707 0.00296708437191002 0.00312708772373897 0.00330100697516118 0.00349523015988041 0.0037125796395669 0.00394352884980158 0.00418772975840197 0.00443913347892992 0.00468946695451804 0.0049283580181566 0.0051576164696329 0.00533620568074682 0.00547586022063806 0.00554805715774478 0.00556330765449955 0.00550831775011996 0.00539445021850376 0.00523633505792059 0.00503407567564712 0.00481390416220242 0.00457678417289714 0.00434185806119193 0.00411968698793972 0.00391856181660782 0.00374423611215949 0.00360028378040474 0.00349153509575243 0.00340416389096502 0.00332927164763933 0.00326241442953006 0.00319974604482239 0.00313772431869042 0.00303891485286125 0.00295983284598642 0.00286762594716803 0.00275138501963067 0.00261499760201587 0.002472771819463
0.00224003954225405 0.00222788732419193 0.00222100330158919 0.00221994372295047 0.0022253299818395 0.00223785647580086 0.00225830165413165 0.0022875439227232 0.00232658244326529 0.00237655817530217 0.00244382623556212 0.00252385398577712 0.00261581241333716 0.00272444693703506 0.00285103068454182 0.00300241722482821 0.00317631565277236 0.0033641462720647 0.00357211840656937 0.00380222797678248 0.00404345083260061 0.00429394914151516 0.00454590584638381 0.00478931227017363 0.00502625249807544 0.00521538132025596 0.00535879230875485 0.005455033175516 0.00547884794546196 0.00543821637769909 0.00534195554146595 0.00519279432208622 0.00499662052229083 0.00477968526402017 0.00454307063037656 0.00430666192765803 0.00408177268236975 0.00387752149364821 0.00370052422907057 0.00355553347838717 0.00344507283702619 0.00335830230196266 0.0032848797081636 0.00321901582086217 0.00315632994594801 0.00309303138718519 0.00299986519221683 0.00291769192836976 0.00282112582801011 0.00270417540167657 0.00256983182685275 0.00243058678121558
0.00217498552329307 0.00216300196489967 0.00215477783643977 0.00215222511446921 0.00215595520978852 0.0021666478900393 0.002185059064615 0.00221203247393223 0.00224851521636308 0.00229557372052027 0.00235440042962256 0.00243154597147984 0.00252224509147485 0.00262550748728332 0.00274609829343597 0.00288529472300035 0.00305026669599407 0.00323052866598158 0.00343136327074051 0.00366554010086441 0.00390313475820641 0.00415189987392731 0.0044044993410121 0.00465135502900587 0.00488092781553649 0.00509371432573854 0.00524943486655846 0.00535097058778909 0.00539912522985089 0.00537286448998123 0.00529240450210693 0.00514735338269121 0.00496149509727702 0.0047425725553946 0.00451339826072622 0.00427601193149167 0.00404871554895315 0.00384161836362066 0.00366243509632399 0.00351650980365539 0.00340441464752312 0.00331698680297859 0.00324368766840555 0.00317761125519949 0.00311384362522586 0.00304807065334526 0.00296049197848627 0.00287456057890554 0.00277492083772019 0.00265791698067726 0.0025269587389985 0.00239233541372983
0.00211562503337027 0.00210113992899746 0.00209298318610298 0.00208902213670493 0.00209118566499898 0.00210013932874911 0.0021166162500755 0.00214142411821483 0.00217545573051326 0.00221970202567788 0.00227526051459504 0.00234603836657588 0.00243060186552793 0.00253212476233174 0.0026468236178516 0.00277961236265047 0.00293184561392935 0.0031109303884434 0.00330547828368748 0.00352014509096303 0.00376701856555107 0.00401328074239786 0.00426557332182325 0.00451480724993573 0.0047498151589484 0.00497138531821944 0.00513870370038712 0.00525407166299979 0.00530870060745276 0.00530655086700727 0.00523958436471199 0.0051058795583863 0.00492570573117515 0.0047169312024313 0.00448820500214513 0.00425052985839748 0.00402125096622718 0.00381155203119074 0.00363021468885851 0.00348297882805465 0.00336955956768188 0.0032809871489246 0.00320671479705439 0.00313929076895702 0.003073462435476 0.00300481732480145 0.0029289652723687 0.00284151435009647 0.00273711076019523 0.00261496139665244 0.00248013465922824 0.00234296079962935
0.00206035942194208 0.00204483009941828 0.00203413545771364 0.00203013700470245 0.0020308153916655 0.00203811711050505 0.00205275326453595 0.0020754954603572 0.00210718167291803 0.00214872736485561 0.00220113731296315 0.00226551198324038 0.00234545797125654 0.0024406075610344 0.00255312736424749 0.00267957311703757 0.00282509001111149 0.0029910730610415 0.0031848915895918 0.00339377388509584 0.00362123941985174 0.00387839523439829 0.00412946707679889 0.0043800109203746 0.00461932483890556 0.00483499797749508 0.00502669644008225 0.00515543306496943 0.00522507998361555 0.0052394347614548 0.0051785012465976 0.00506534439163701 0.00489491683068515 0.004688236949729 0.00446785017964187 0.00423078478552795 0.00400008184845195 0.00378804088999706 0.00360443712105413 0.0034555109446836 0.00334102529312867 0.00325101634934134 0.00317482614868616 0.00310500562225367 0.00303623573869941 0.00296414333631682 0.00288462081508891 0.0027938000832936 0.00268857013541911 0.00256864222599058 0.00243819225584405 0.00230664695264205
0.0020079135435215 0.00199252304908314 0.00198071285213404 0.00197413003859293 0.00197466388498688 0.00198039558506502 0.0019932812143875 0.00201405767174852 0.00204350886934579 0.00208247534094227 0.002131871060261 0.0021927012711221 0.0022660761827064 0.0023557089442404 0.0024612771790408 0.00258514248191259 0.00272395143821594 0.00288308337318212 0.00306370576105778 0.00327254758255398 0.00349486812851074 0.00373282480404476 0.0039965308071935 0.00424732610350312 0.00448978844328071 0.00471188154194489 0.0049013064837926 0.00505504608792061 0.00513956629580983 0.00516960797155793 0.00512416564035306 0.00501781949166105 0.00486624704657474 0.00466765838574311 0.00445018950428492 0.00421520250255793 0.00398590596413452 0.00377192880575824 0.00358618880064914 0.00343518079616281 0.00331980491386699 0.0032278329430136 0.00314875332422615 0.00307554393527997 0.00300303832751 0.00292702097837337 0.00284374548294197 0.00275005533167912 0.00264389257011797 0.00252591482312551 0.00239967544599056 0.00227319446627494
0.00196042949939909 0.00194298120749787 0.00193120459749245 0.00192342999920508 0.0019215983687533 0.00192680377012898 0.00193802642790623 0.0019569377140274 0.00198426913431771 0.00202078695774019 0.00206731533485388 0.0021247657683386 0.00219416426267523 0.00227667745685828 0.00237620190024626 0.0024925622020279 0.00262844426250791 0.00278067524466219 0.00295461364212894 0.00315665160498956 0.00337347782088557 0.00360694143572406 0.00385177166541615 0.00411712690738993 0.00436156238902862 0.00458975898416122 0.00478680568461526 0.00494091925328366 0.0050520245540434 0.00509800124314902 0.00506882317706157 0.00497755035810116 0.00483211376810035 0.00465056991369743 0.00443474808732423 0.00420811272978161 0.00397742930604715 0.00376414319275381 0.00357712646566774 0.00342381485890763 0.00330721255788152 0.00321214482032132 0.00312906916562427 0.00305151118267546 0.00297454690471245 0.0028941835750153 0.00280705754230432 0.00271063703813935 0.00260411497811704 0.00248718172940237 0.00236547698019312 0.00224219249415833
0.0019165976850387 0.00189829206659438 0.00188440926224725 0.00187656187907244 0.00187345986842021 0.00187623468511823 0.00188683016037198 0.00190397764255 0.0019293090174071 0.00196351679246841 0.00200733530599137 0.00206158312097183 0.00212720197891848 0.00220529056919842 0.00229946363779575 0.00240970833124236 0.00253479876078157 0.00268391095927778 0.00285112154387131 0.00304068894499425 0.00325733509220209 0.00348576325780084 0.00372680362039465 0.0039738470853707 0.00423596220570316 0.00446699015149655 0.00467156048543109 0.00483670093504131 0.00496080595269897 0.00502433684605572 0.00501206957282633 0.00493703870346617 0.00480596113079272 0.00462973650227198 0.00442918839402529 0.00420785599170912 0.00397909023460374 0.00376366127135712 0.0035789253835447 0.00342490107642734 0.00330425608182471 0.00320439772574678 0.00311613622230108 0.00303331678486832 0.00295123616513928 0.00286613798418047 0.00277501989134419 0.00267586046304816 0.00256899169881677 0.00245310252174363 0.00233336341087357 0.00221300636621419
0.0018762930549195 0.00185718501956476 0.00184236630223024 0.00183235907796559 0.00182774022418985 0.0018305098379361 0.0018386105496957 0.00185503393744359 0.00187848925020421 0.00191053228533446 0.00195180635710695 0.00200303787710472 0.0020650861678143 0.00213898066476067 0.00222595982261658 0.0023299060944467 0.00245113093390874 0.00258900752249551 0.00275337364939887 0.00293669572244927 0.0031408607548042 0.00336959362211495 0.00360608756286757 0.00385025551488929 0.00409406625806596 0.00434472127387269 0.00455584099791552 0.0047309543421664 0.00486936306829134 0.00494835447147078 0.00495347895728714 0.00489575228640823 0.00478055875188931 0.00461776772273668 0.00442030644729808 0.00420956986192587 0.00398958646639331 0.00377529065073097 0.00359015030385731 0.00343700121703397 0.00331077141662884 0.00320461386636674 0.00311007250087474 0.00302117220261144 0.00293338959803494 0.00284319193455573 0.00274789415273917 0.00264684755426428 0.00253785697771948 0.00242248838447556 0.00230450571345242 0.00218636159482146
0.0018394015860368 0.00181954413638056 0.00180384264367892 0.00179282007169987 0.00178705489334163 0.00178731983850053 0.00179517752414487 0.00180904876117909 0.00183168430099235 0.00186171324511936 0.00190061335789972 0.00194901985423428 0.00200771414773166 0.00207766097072363 0.00216004136847232 0.00225630804459594 0.00237073854533091 0.0025043320654199 0.00265760570720597 0.00283870880403126 0.00303663583257143 0.00325254498333469 0.00348993199135421 0.00373028636391247 0.00397248106217564 0.00422310773832943 0.00443917165696557 0.00462333570282425 0.00476359401529835 0.0048591589659855 0.00489262955713386 0.00485311515757517 0.00475524161562735 0.00460768086145609 0.00442454176315707 0.00421608598543185 0.00400862856759648 0.0037986316715104 0.00361345252898238 0.00345600959706866 0.00332575493221311 0.00321242038705845 0.00311076073192526 0.00301510493672041 0.00292112012530755 0.00282548603017473 0.0027262653956527 0.00262173571341833 0.00251121326004771 0.00239583257034464 0.00227834631842325 0.00216235277627495
0.00180581989164539 0.00178526502626134 0.00176873272355299 0.00175674807171043 0.0017498931224911 0.001748953212697 0.00175426805243245 0.00176783013801276 0.00178785847789303 0.00181595447410797 0.0018536504306641 0.0018994228790059 0.00195498062344115 0.00202123421188358 0.0020993175573297 0.0021906303149001 0.00229694489997405 0.00242323990873786 0.00257260381384402 0.00274287411494321 0.00293838749000134 0.00314776388245794 0.00337207869875209 0.00361425011417538 0.00385374660269609 0.00410314013291506 0.00432280923603992 0.00451449231142047 0.00466587372903642 0.0047658728378996 0.00480780758432942 0.00479827711656442 0.00472928236382 0.0046007232070512 0.00442989752750813 0.00423273012738164 0.00403012247174387 0.00383017924102825 0.00364514152132487 0.00348430384372581 0.00334601214645499 0.00322519281971039 0.00311789788195512 0.00301498627840996 0.00291439658643254 0.00281352337204533 0.00270970542049819 0.00260125767073521 0.0024889709780884 0.00237306607361132 0.00225606127791863 0.00214105350114921
0.00177545491789704 0.00175425474467529 0.00173694346569745 0.00172404997332869 0.00171616140848248 0.00171407770207872 0.0017181386273059 0.00172915492022477 0.00174883077088728 0.00177522901320173 0.00180981337217526 0.0018541440848712 0.00190677548927495 0.00196958657005472 0.00204368360569434 0.0021304423682786 0.00223160507119996 0.00235183900602138 0.00249185473418279 0.00265488374033489 0.0028405158933434 0.00304170707137388 0.00325816749184575 0.00349259465284344 0.00373806568977388 0.00397115011081822 0.0042071130565442 0.00440519111798134 0.00456620799897621 0.00468038743423352 0.00473966673763272 0.00475017234318598 0.00469137588403945 0.00458008466029977 0.0044372079599946 0.00425308652062681 0.00405464957828743 0.00386278733145519 0.0036831370451501 0.00351889463615426 0.003374419239815 0.00324598687171618 0.00312895149685702 0.0030216169765424 0.0029141478626214 0.00280627304242442 0.00269758755663084 0.00258555172821746 0.00247100982955801 0.00235410409300787 0.00223704129570243 0.00212251304291643
0.00174779624290177 0.00172643120402807 0.00170839386713477 0.00169464638609039 0.0016857822045755 0.0016826159994847 0.00168549375065496 0.00169526146593451 0.00171241165381052 0.00173720998014815 0.00177110344421999 0.00181205724903351 0.00186167747503137 0.0019225849170177 0.00199298962938782 0.0020755825189964 0.00217214841064173 0.00228491316362004 0.00241846853983664 0.00257688036207603 0.00275226058231514 0.00294859043024109 0.00315806214580684 0.00337974184318711 0.00362538262301091 0.00385614689042603 0.00407763525368311 0.00427904133477996 0.0044648609571446 0.00459220603766847 0.0046683411101481 0.0046881496560905 0.0046607527922165 0.00456927030233246 0.00443311509055612 0.00427580341778896 0.00408825530264 0.00390268957629773 0.00372034560986878 0.00355788723655268 0.00340812430315457 0.00327369908620743 0.00314874382322736 0.0030302434388801 0.00291588466534329 0.00280445869271851 0.00268961174524217 0.00257374544111447 0.00245623717711414 0.00233884407414372 0.00222119328809757 0.00210620831550428
0.00172363411119459 0.00170130634564958 0.00168259863520599 0.00166847110247609 0.0016586943220696 0.00165451085967285 0.00165627355236834 0.00166488911795037 0.00168084376142104 0.00170425145518013 0.00173516887074112 0.00177519206226507 0.00182225500424525 0.0018787172435926 0.00194552576786042 0.00202408466832562 0.00211814097297493 0.00222626079183858 0.00235384855794765 0.00250180324945202 0.00267249987763024 0.00285812783138579 0.00306294666114954 0.00327799744705107 0.00351013364768089 0.00374394907347157 0.00396499856561189 0.0041695986401492 0.00436219036628408 0.00450151213406508 0.00459377520438412 0.00463293371056092 0.00461666294452447 0.00455687815826099 0.00443971394371944 0.00428692370051885 0.00411203803185733 0.00394605955121324 0.00376577440311975 0.00359681184559251 0.0034470016675103 0.00330406864600103 0.0031713138797619 0.00304524565779346 0.00292319152724296 0.00280437492765254 0.00268509304258682 0.00256676689812893 0.0024463555348517 0.00232624948863744 0.00220852860463482 0.00209320794940186
0.00170246627413233 0.00167965963720961 0.00166033936515849 0.00164506335479995 0.00163485234478392 0.00162972781464074 0.00163044466086321 0.00163800003723485 0.00165290807554415 0.001675068617465 0.00170439465955413 0.00174113131204366 0.00178705556150376 0.00184062340332444 0.00190419832185152 0.00197914582565034 0.00206727056161914 0.00217086593171476 0.00229439579137101 0.00243529914017092 0.00259492435468393 0.00277593917794815 0.002969867122494 0.00318211453635325 0.00340596990835738 0.0036284003060194 0.00385436555521885 0.00406082683665846 0.0042440269848125 0.00440861402659495 0.00451605691983425 0.00457422273878224 0.00457928194952301 0.00454218985651741 0.00444511857286657 0.00430927096200019 0.00414725635221525 0.00398381003207044 0.00380530942081628 0.00364303948395086 0.00348913773325573 0.00333945202966014 0.00319911097575399 0.00306541067907259 0.00293696471925781 0.00281098879442913 0.00268631251042733 0.00256225693825493 0.00244024353256718 0.0023179838605161 0.00219894264417226 0.00208295492498075
0.0016842358172024 0.00166101171394888 0.00164114022261035 0.00162520070058067 0.00161382587542198 0.00160825683113585 0.00160801070679194 0.00161459020595356 0.0016286100381316 0.00164964209760581 0.00167746772275199 0.00171229883019164 0.00175469033986583 0.00180537341058654 0.00186718462651128 0.00193867227344629 0.00202290747198636 0.00212194313256512 0.00223968907840185 0.00237378497872344 0.00252590957880514 0.00269887616221911 0.00288501611430213 0.00308925572467272 0.00330048666747207 0.00352347871734414 0.00373964373743428 0.00395324349781504 0.00414098994399612 0.00431183219951846 0.00443327605678526 0.00450986715336045 0.00453633470206181 0.004524605406867 0.00444849868422984 0.00433053849700497 0.00418215590589943 0.00402816018878541 0.00385333499329853 0.00368479895427679 0.00352154332751966 0.00336695906057949 0.00322590972238182 0.00308961758351072 0.00295407732184812 0.00282168453021473 0.00269150955553978 0.00256298945927438 0.00243617480378753 0.00231166196371445 0.00219198323884531 0.00207539419326094
0.00166889281267695 0.00164531701137668 0.00162495893822692 0.00160842926034948 0.00159639612448236 0.00158951978360677 0.00158903244279834 0.00159471300619157 0.00160800106302429 0.00162798219097797 0.0016543428939008 0.00168732600497522 0.00172747406469941 0.0017756560353471 0.0018328929283481 0.0019024042337664 0.00198281273573025 0.0020774142080489 0.00218972719284858 0.00231727258167411 0.00246187860134821 0.00262361193117238 0.00280479829859431 0.00299733171103357 0.00320542388909715 0.00341667139222961 0.00363360728705378 0.00384655249159581 0.00403746655029426 0.00420394263100297 0.00435081879030843 0.00444507038420709 0.00449272547606138 0.00448949544774399 0.00444923663134263 0.00434992954484025 0.00421598312662769 0.0040611293440678 0.00390402454975966 0.00373381334817602 0.0035673531454387 0.00340733355704592 0.00325429075992537 0.00311197229837029 0.00297045610135959 0.00283611187560155 0.00270037894709466 0.00256725648334589 0.002436830331988 0.00230964945510394 0.00218730706630531 0.00207044361860484
