R/Data/side_v1_12_9.asc
NCOLS 365 
NROWS 740 
XLLCORNER 0.791666667335165 
YLLCORNER 6.2083333340009 
CELLSIZE 0.00833333332967033 
NODATA_value -9999 
[rows 345 to 367 of 740, columns 104 to 155 of 365]
0.796571220672674 0.794921759791728 0.793750934056783 0.792971006173683 0.792481676491419 0.792184577096875 0.791993804256448 0.791841533784049 0.791679313998773 0.791476465459092 0.791216989901898 0.790896057519373 0.790516645802873 0.79008657306771 0.789616015480745 0.789115476533902 0.788594207440428 0.788059055463466 0.78751370844703 0.786958291953849 0.786389242113715 0.785799401936466 0.785178238397621 0.784292290453333 0.783652653582564 0.782933967249259 0.782114104967213 0.781169179528922 0.780073976593222 0.778802428316949 0.777328124047864 0.775624879995902 0.773667384862372 0.771431897763081 0.768897054900227 0.766044771139709 0.757689318052839 0.754005936953748 0.74995924267458 0.74555122303304 0.740791607253933 0.733169340968129 0.72758075526471 0.721686927041265 0.715498499471154 0.709006504907089 0.702176172732086 0.694948913716311 0.68049148316652 0.67174599226568 0.659981103644595 0.649349994382065
0.7974504085472 0.79577894685991 0.794553682817975 0.793695625655455 0.793114461988784 0.792721289492745 0.792437957539775 0.792202177346047 0.791968860471193 0.791708854572701 0.79140630149136 0.791055534085341 0.790658068296981 0.790219916396487 0.789749317148964 0.789254887989003 0.78874416736696 0.78822254398292 0.78769254431842 0.787153423048233 0.78660101559937 0.786027784051011 0.785216291578583 0.784654037673325 0.784032531686697 0.783331833639034 0.782529867745613 0.781602811388656 0.780525510870675 0.779271932008913 0.777815665552408 0.776130465974827 0.774190881215672 0.771972935161303 0.769454924308057 0.76661832165303 0.758300238072327 0.754647793251178 0.750630748163673 0.746250983620996 0.741518839195003 0.734015220646935 0.72847523807734 0.72264119703348 0.716529655932235 0.71013507925291 0.703421667560452 0.696326303224036 0.682306036513977 0.67370996177613 0.66222173011332 0.651739206793518
0.798077729315387 0.796390702592179 0.795120120221329 0.794194476802504 0.793532179202548 0.793052731202481 0.79268502412205 0.792371938841013 0.792071657612311 0.791756657796526 0.791411429313354 0.791029732222081 0.790611899866857 0.790162413292668 0.789687838597192 0.789195137193558 0.788690333129779 0.788177527162751 0.787658217776865 0.787130904263485 0.786590921949157 0.785834402223627 0.785328504151778 0.784781246022845 0.784175267477218 0.783490773799462 0.782705874462865 0.781796946580388 0.780739021885096 0.779506222592113 0.778072222634127 0.776410780553443 0.774496314320198 0.772304579631251 0.76981343397813 0.767003744802724 0.758742589497233 0.755134685576823 0.751161207499754 0.74682335287456 0.742131363208598 0.734761924101744 0.729279078449467 0.723511080060494 0.717481135329637 0.711187596665478 0.704593027900301 0.69762876980959 0.68403833715119 0.675583417283663 0.664356930997466 0.647087235102018
0.798447216049223 0.796750619572327 0.795443027666468 0.794459343388209 0.7937255741027 0.793168704081426 0.792724011001408 0.792339192904521 0.791975598970712 0.791607406830091 0.791219630825392 0.790805694457958 0.790365006850051 0.789900777316955 0.789418147441047 0.788922649103676 0.788418996249951 0.787910170152538 0.787396791029898 0.786876731768586 0.786158935942014 0.785689544371678 0.785194430647565 0.784659081697801 0.78406634752584 0.783396723172366 0.782628642101075 0.78173881841536 0.780702601702393 0.779494373579735 0.778087984912657 0.776457237688712 0.774576433889713 0.772421010595311 0.76996828374235 0.76719833465965 0.75901308780522 0.755464877221228 0.751550563822002 0.747270106770122 0.742632882894375 0.735413967922587 0.729998231318905 0.724303349468938 0.718359985061678 0.712170972287558 0.705696336277176 0.693391231499764 0.685687835595241 0.677362752233056 0.666378844340068 0.649518830673581
0.79855112100141 0.79685064832699 0.79551372155586 0.794480707906743 0.793684256481044 0.793057999723911 0.792543012766644 0.792091474659547 0.791667787597856 0.791247875798646 0.790817429860949 0.790369748403978 0.789903553446168 0.789421032222671 0.788926137761997 0.788423196636809 0.787915812215077 0.787406028968991 0.78689374234496 0.786376345852625 0.78575047257718 0.785286591668413 0.784798638855828 0.784272349424942 0.783690931469237 0.783035308624333 0.782284386285956 0.781415353765954 0.780404003966635 0.77922508220622 0.777852690332374 0.776260714613321 0.774423337167174 0.772315625706777 0.76991424346724 0.764505130439125 0.761281768644458 0.755634702189618 0.751796696962461 0.747590917611921 0.740993049290655 0.735974029054212 0.730637262332067 0.725023707201265 0.719172283639133 0.713091038695408 0.706736138942304 0.694833347636752 0.68725055910802 0.679040438345899 0.668275389974675 0.651790438608329
0.798380040922035 0.79668121577972 0.795322142689375 0.794247849529753 0.793396776889024 0.792708475375937 0.79212928397552 0.791615547294124 0.791134601362467 0.790664147937421 0.790190685653441 0.789707573120341 0.789213075552056 0.788708585217291 0.788197097834663 0.787681957101574 0.787165858700341 0.786650090418005 0.786134000444328 0.7855242568365 0.78507210748315 0.78460955061648 0.784125293184257 0.783605461857651 0.78303377292024 0.782391732644075 0.781658863344031 0.780812963296554 0.779830387103302 0.778686344576845 0.777355250513092 0.775811111265943 0.774027976528175 0.77198049103371 0.769644561691449 0.764308947525881 0.761171321700583 0.757683600699815 0.753835538210415 0.747782422393878 0.741362385727259 0.736442046500902 0.73119874678759 0.725676515387258 0.719922979475815 0.713952306138831 0.703139855659433 0.696196369044089 0.688717665976236 0.680603670662438 0.665900367860412 0.653878744299209
0.797923069580327 0.7962313647443 0.794857002166224 0.793748960719812 0.792850738505832 0.792107158084704 0.791469336987245 0.790897498937736 0.790361792856403 0.789841713814626 0.789324682271914 0.788804293922587 0.788278557802711 0.787748298352427 0.787215777923725 0.786683573709955 0.786153676176479 0.785626812339462 0.785023435239597 0.784565021502629 0.784107330779573 0.783641981620036 0.783158087923661 0.782642327637615 0.78207908086516 0.781450585370322 0.780737125703607 0.779917243261378 0.778967963656873 0.777865048873854 0.776583286759323 0.775096824139063 0.773379568908021 0.77140568989175 0.766608078433642 0.763902059235351 0.760867501165546 0.757487038486844 0.753748388996326 0.749646239369607 0.742773743183039 0.737903265323533 0.732696810974791 0.727197878333479 0.721460501771814 0.715503147668254 0.706379391972393 0.699606602551571 0.692293065186028 0.68434091330675 0.670656333875007 0.655754388695238
0.797168018728802 0.795488969351562 0.794105969667792 0.792971331307111 0.792032968000778 0.791240397548871 0.790549094293882 0.789922883408544 0.78933461612429 0.788765591914066 0.788204249953729 0.787644581747416 0.787084535680746 0.786524579017854 0.78596646182804 0.785412207102041 0.78486330830504 0.784260063318825 0.783778902958038 0.783307150920271 0.782839148716272 0.782366915760548 0.781880133385107 0.781366196263215 0.780810305738945 0.780195584891209 0.779503219236823 0.778712616385056 0.777801581700293 0.776746505832964 0.775522598808005 0.774104167612099 0.772464963307121 0.770578636744044 0.765863421138816 0.76327080950324 0.760356906485288 0.75710254432401 0.753493347254504 0.749521629724102 0.743587633482777 0.73896075846586 0.733997617264887 0.728741768660559 0.723257692223936 0.71621223888572 0.707408776681148 0.700700430906422 0.693436406783113 0.68552629878843 0.672080669169547 0.660532210437403
0.796101691099324 0.794440998482222 0.793055926806669 0.791901581067054 0.790929725107461 0.79009407587834 0.78935407134708 0.788676899319822 0.788038004818927 0.787420491270845 0.786813906179998 0.786212787086588 0.785615204664509 0.785021472464716 0.784433040264532 0.783851589716169 0.783245612637047 0.782726733642028 0.782223668689622 0.781733185062741 0.781250011165082 0.780766739465255 0.780273795294661 0.779759454529001 0.779209896049942 0.778609278945037 0.777939827333193 0.777181934904047 0.776314279933687 0.775313950751685 0.774156623913313 0.772816779342912 0.771267997999223 0.767034872721677 0.764860442419608 0.762397255066526 0.759621325586276 0.756511626587198 0.753051692535574 0.749231611104663 0.743528396060167 0.739060914330785 0.734252778390088 0.729138305797021 0.723774430499811 0.714528903952377 0.70833251555167 0.701651411947021 0.694406047343544 0.682197791400756 0.673255275962109 0.661780544265588
0.794710224698254 0.793073844414059 0.791693274776138 0.790525944559414 0.789526976773838 0.788653844382355 0.787869607302681 0.787144597428163 0.786456749879193 0.785790974332711 0.785138010790209 0.784493072624496 0.783854533922197 0.783222749753705 0.782599076401097 0.781985068443758 0.781420719087344 0.780870835244155 0.780339909239516 0.779825093444796 0.779321688178166 0.77882304279461 0.778320498727874 0.777803377545263 0.777259002372051 0.776672709558251 0.776027897288056 0.775306054121695 0.774486819528582 0.773548044064978 0.772465904723854 0.771215058831638 0.767408797923958 0.76561808947812 0.763577008807289 0.761258546572362 0.75863704105547 0.755689513905492 0.752397368756965 0.747209926962197 0.743282851574044 0.738998090695047 0.734377279008628 0.729450056377922 0.724236192498355 0.715298188681867 0.709092400365711 0.702396816555917 0.69514480173895 0.683081091907525 0.674131387788872 0.662697854173798
0.792979512983639 0.791373722536227 0.790004313842455 0.788830628525608 0.787810721330429 0.786905431389988 0.786081143283254 0.78531113492366 0.784575738008451 0.783861673217842 0.783160945215471 0.78246957545821 0.781786401358311 0.781112017642374 0.780447886424007 0.779871987284732 0.77926167057497 0.778674360322617 0.778109293696324 0.777564204997682 0.77703516208317 0.776516453494708 0.776000513931392 0.775477887580617 0.774937190071062 0.774365086511529 0.773746271041314 0.773063436473652 0.772297264687878 0.771426424569038 0.770427615516032 0.769275673028853 0.765539165316604 0.76388088967887 0.761986177559193 0.759826540389136 0.757374456506583 0.754604770570038 0.751496511894179 0.746539022455667 0.74280414558555 0.738714130718557 0.734296270629676 0.729603226459516 0.721687422006234 0.715840760450095 0.709565174345097 0.70284349699368 0.695581862301469 0.683615638245593 0.674658302508644 0.663238429726374
0.790895700295512 0.789327136429882 0.787975673619828 0.786802208362549 0.785767350857741 0.784834976172282 0.783974526578099 0.783162051251808 0.782380200081922 0.781617506068501 0.780867308377898 0.780126561214131 0.779394727306435 0.778672818632017 0.778090084264407 0.777407884489908 0.776750492715503 0.776118885155808 0.775512916637431 0.774931107324369 0.774370485194635 0.773826466955218 0.77329276437063 0.772761307707253 0.7722221670153 0.771663479429903 0.771071357021349 0.770429800462036 0.769720610663176 0.768923323759166 0.768015184764517 0.76463150773086 0.763307963220639 0.76179269148749 0.760056011176761 0.758067724152939 0.755798160255645 0.753219607198011 0.750308154446459 0.745575039506551 0.742036514180924 0.738136234189329 0.73389448576811 0.729346516118468 0.72150651491088 0.715804261731415 0.709588159424421 0.702895157692482 0.691929168759134 0.68374572448203 0.674790415335037 0.66336112228926
0.788445745859381 0.786921409953506 0.785594807492055 0.784428075883709 0.783384068081504 0.782429400934648 0.781536344092526 0.780683569027774 0.779855974262219 0.779043912067793 0.778242120702304 0.777448607049407 0.776663612378419 0.776082253773979 0.775319325355439 0.774580764126214 0.773868954066625 0.773185556597012 0.772531255891205 0.7719055624657 0.771306664849179 0.770731298468085 0.770174630023067 0.769630149532716 0.769089541512702 0.768542553907758 0.767976845957129 0.767377823714488 0.766728488220195 0.766009286528732 0.765198024017089 0.76187020675076 0.7606813533366 0.759318205235953 0.757749631612911 0.755943439717554 0.753867440288142 0.751490844379376 0.748786048124623 0.74426788518993 0.740924825197572 0.737202656760187 0.733103665372767 0.728628504448112 0.720691711912636 0.715174320899601 0.709112199842094 0.702503203250679 0.691587245050324 0.683433400465408 0.674493261008512 0.663033166701846
0.785618032571636 0.784145252802883 0.782850509847131 0.781696924726205 0.780649318399561 0.779676801884113 0.778754277831204 0.777862912156719 0.776989791268762 0.776127096100478 0.775271035765952 0.774420777755569 0.773852515684285 0.773003246471993 0.77217554474455 0.771372932870222 0.770598593948708 0.769855087810996 0.76914413757139 0.768466451661361 0.767821577177962 0.767207762320862 0.766621817070096 0.766058960807715 0.765512653206183 0.764974398137157 0.764433528083757 0.763876965728909 0.763288985979202 0.762651002027807 0.759591275334716 0.758668812185715 0.757621044036051 0.756417536506192 0.755025462048165 0.753410335279478 0.751537032652729 0.749371161782251 0.746880714499521 0.742567845088139 0.739420217677158 0.735872268705546 0.731913644798372 0.724499236800354 0.719564224206808 0.714141508910316 0.708190924125897 0.701669034437534 0.690771139689302 0.682660177857715 0.673744880555834 0.662661154396227
0.782403019640123 0.780989351733048 0.779733461418516 0.778599230880688 0.777553224062983 0.776566841192632 0.775617454681447 0.774688609724924 0.773769542031855 0.772854272814709 0.771940547378741 0.771400610031395 0.770463384542594 0.769542369882965 0.768641998594036 0.767766738922196 0.766920776474159 0.76610778669841 0.765330739386119 0.764591750477881 0.76389192882152 0.763231229566138 0.762608290976899 0.762020239530744 0.761462477156099 0.760928416209414 0.760409196210499 0.759893367310256 0.759366573641815 0.758811249059323 0.755784021231842 0.754986395097376 0.754084415103106 0.753046389054149 0.751837571291 0.750420870754899 0.748757861002911 0.74681010372976 0.744540734872809 0.74042594445079 0.737477554883015 0.734109342182963 0.730304602931018 0.724327628306672 0.719599960276424 0.714411323066554 0.708731656062106 0.696800989341671 0.689485052199907 0.681418789658265 0.672532193274714 0.661360695988779
0.77879386992281 0.777446952431419 0.776236748232862 0.775127725923314 0.774088011510003 0.773091124150497 0.772116770002659 0.771150792791731 0.770184541315119 0.769213892443739 0.768238198890934 0.767698948512429 0.766685029571438 0.765684294394981 0.76470229893704 0.763744650472407 0.762816751086961 0.761923598723511 0.761069625956517 0.760258557917827 0.75949327064169 0.758775626619163 0.758106277519945 0.757484446995429 0.75690764456765 0.756371353829015 0.755868668268853 0.755389896276182 0.754922156689784 0.752067420320298 0.751449256619488 0.750778006200708 0.750024746846527 0.749156382892699 0.748136046623812 0.746923785223676 0.745477568577009 0.743754620285178 0.740128033969256 0.737792472566511 0.735050717480915 0.731872786645061 0.726482398239778 0.722351943205539 0.717735120361949 0.71263374313402 0.707024772920038 0.694990027609512 0.687728326188585 0.679703267827388 0.669784655335681 0.659577589441213
0.774787050932677 0.773514389116201 0.772356334663014 0.771277813042294 0.770248371381489 0.769243518353014 0.768245188697881 0.767241453649805 0.76622575280336 0.765195847939623 0.764703630427753 0.763602602475527 0.762504038057436 0.761414391973528 0.760340522286228 0.759289373927957 0.758267767263391 0.75728222719516 0.756338856337445 0.755443203681014 0.754600114975151 0.753813556028114 0.753086394090976 0.752420130515336 0.751814570518484 0.751267440502328 0.750773955519103 0.750326327103944 0.747570285903368 0.747057158229102 0.746540288800159 0.745994976279151 0.745391542265394 0.744695392068202 0.743867375322022 0.742864477758716 0.741640851640633 0.740149214456159 0.73672606512393 0.734615569929171 0.732090239112337 0.729115147798741 0.723862723570101 0.719883099564943 0.715392706178234 0.710390210940418 0.704857142442274 0.692702639125294 0.685489787410506 0.677503296553235 0.667499736994125 0.65730208127548
0.770382829514839 0.769191522194121 0.768091448178166 0.767047903539114 0.76603175869685 0.765020416360598 0.763997956234743 0.762954636144002 0.761885970824423 0.761464769957063 0.760288547851553 0.759100599492549 0.757908059997112 0.756718867160559 0.755541353434745 0.754383988715652 0.753255206825489 0.752163266685525 0.751116147107004 0.750121425802322 0.749186121432295 0.748316508554447 0.747517868949499 0.746794179584804 0.746147734833149 0.745578692988863 0.74508457057067 0.744659665230265 0.741869620399282 0.741427093678892 0.741007232691014 0.740585330362041 0.740130960203898 0.739607977605293 0.738974847307684 0.738185352064347 0.737189690191223 0.735935967863113 0.732716643190546 0.730840605818469 0.728543054583822 0.723963927553151 0.720680448748474 0.71686841425214 0.712520655264368 0.707632329498487 0.70218740516778 0.689911417186679 0.682749104211973 0.674802939379296 0.664708739634999 0.648907465501706
0.765585627328173 0.764482042962468 0.763444833079793 0.762439628280601 0.761438566393742 0.760420877158099 0.759372739717647 0.758286561079042 0.757962861686973 0.756729961327778 0.755467627231075 0.754183350039002 0.752885916021212 0.751584880287462 0.75029021804972 0.749012105298865 0.747760777378178 0.746546426860992 0.745379109792739 0.744268635260066 0.743224402356182 0.742255197645464 0.74136891898843 0.74057222757968 0.739870108871058 0.739265365849384 0.738758023535064 0.735957457497748 0.735507618829166 0.735127143604515 0.734797598538779 0.734494385096947 0.734186390608211 0.733835931735281 0.733399046753399 0.732826235206652 0.732063639529497 0.731054679328992 0.728041261318639 0.726410277698976 0.724353095237964 0.719960925223393 0.716881510817789 0.713254365953871 0.709067073165899 0.704311164829155 0.695072818078135 0.688916164202637 0.682048483963131 0.670577238025749 0.66139703045737 0.645452590169117
0.76040420295816 0.759393603649638 0.758422848019927 0.757457908375097 0.756472170683623 0.755446669541941 0.754369648913002 0.754171525895979 0.752907215440569 0.751592418250136 0.7502344936266 0.748842737069193 0.747427693132194 0.746000673253482 0.744573445523724 0.743158061528093 0.741766742922699 0.740411802951222 0.739105573621745 0.737860292947569 0.736687940503111 0.735600023496206 0.734607263801245 0.73371921290277 0.732943773965532 0.732286615833057 0.731750509774246 0.728863621216145 0.728435277555329 0.728105578733021 0.727857103141251 0.727665540953705 0.727499231820661 0.727319024277233 0.727078549393961 0.726724984348666 0.726200339257455 0.725443266287849 0.722639428496754 0.721265216934088 0.719462217905556 0.715268219064451 0.712410623991313 0.708987225597533 0.704980425767448 0.700378044540776 0.691162256786315 0.685099604700435 0.678307577119593 0.666688494633702 0.652225168051476 0.641468434898923
0.754851627463458 0.753937764701722 0.753035382314912 0.75211085095897 0.751138833665923 0.750102165438425 0.750058105414421 0.748794057175632 0.747455629062824 0.746049323144436 0.74458443306412 0.743072131248027 0.741524819338567 0.739955683152406 0.738378432511413 0.736807147518175 0.735256205055508 0.733740223920731 0.732273994618274 0.730872378351808 0.729550135738896 0.72832169148652 0.727200803263429 0.726200134076027 0.725330729844865 0.724601372655645 0.721588164348279 0.721026071282642 0.72060315307278 0.720310091689977 0.720130754728234 0.720041377073001 0.720009961322197 0.719996033443621 0.719950893109212 0.719818393257843 0.71953635568655 0.719038562234038 0.716449584438311 0.715344978462543 0.711896717961797 0.709828722898277 0.707212435354824 0.704013796810038 0.700210092443395 0.695785315588585 0.686617141680117 0.680671981352899 0.67397749366982 0.662226934411361 0.647655524619852 0.636948880867089
0.74894503100032 0.748129721010437 0.747295577791389 0.746409482301072 0.745447435860497 0.744394103479916 0.744358336482921 0.743031494418148 0.741609068323238 0.740099591267317 0.738514324942381 0.736866381829638 0.735170105392804 0.733440665003503 0.731693830802241 0.729945859355686 0.728213438822849 0.726513659818412 0.724863949588295 0.723281976730705 0.721785471628092 0.720391975060067 0.719118483076187 0.71798099511238 0.716993934089244 0.716169459498635 0.713006119044786 0.712399335487255 0.71196271572305 0.71168919000381 0.711564276849985 0.711565083731167 0.71165956564609 0.711806155805632 0.711953948350971 0.712043520121603 0.712008457078771 0.709873428965237 0.709410464347368 0.708589448337238 0.70538203172365 0.703586181619305 0.701232832145114 0.698282494518224 0.694707330436155 0.686461074415819 0.681397488240525 0.675598142931072 0.666170556677449 0.658235310652776 0.642519176581609 0.623666999312353
0.742705126129565 0.741987821910159 0.74121936412952 0.740367297525765 0.739409060305755 0.739563364868839 0.738288638418496 0.736888638951659 0.735370124555058 0.733743662166393 0.732022509725368 0.730221763122066 0.728357773545901 0.726447780631079 0.724509726870778 0.722562169362784 0.720624250912735 0.718715688301231 0.716856707155291 0.715067953427022 0.71337030511281 0.711784608038837 0.710331299270972 0.70902992758643 0.707898540501165 0.704491715534276 0.703615853640666 0.702940512046131 0.70246800811972 0.70219393640097 0.702105891835246 0.702182282150378 0.702391384803564 0.702690842856653 0.703027752654117 0.70333949745418 0.703555392992223 0.701638648548917 0.701462953982018 0.698984619678849 0.697989138709081 0.696486981372858 0.694420564045303 0.691744790669247 0.688426596568536 0.680328594363741 0.675467017091777 0.669846346476365 0.660336957975768 0.646268555238684 0.636807600065896 0.617826191005975
