R/Data/side_v1_12_1.asc
NCOLS 365 
NROWS 740 
XLLCORNER 0.791666667335165 
YLLCORNER 6.2083333340009 
CELLSIZE 0.00833333332967033 
NODATA_value -9999 
[rows 368 to 390 of 740, columns 255 to 305 of 365]
0.0233284810624554 0.022668379869981 0.0220351252810303 0.0214301967548702 0.0208550064045185 0.0203108648517135 0.0197989471085305 0.0193202548730814 0.0188755838285097 0.0184654943667356 0.0180902903312473 0.0177500072515012 0.0174444127356474 0.0171730187082465 0.0169351039567278 0.0167297461547185 0.0165558585859488 0.0164122290858921 0.0162975581152549 0.016230088969713 0.0161660817581935 0.0162140825641496 0.0161933672247962 0.0161960768857215 0.0162208596654039 0.01626642002477 0.0163315215556839 0.0164149862004723 0.0165156923633328 0.0166325703536228 -9999 -9999 -9999 -9999 -9999 -9999 -9999 -9999 -9999 -9999 -9999 -9999 -9999 -9999 -9999 -9999 -9999 -9999 -9999 -9999 -9999
0.0235982814628156 0.0229499381011574 0.0223276865742189 0.0217328848553684 0.0211668261678952 0.0206307099069824 0.0201256112770935 0.0196524488824558 0.0192119563764955 0.0188046568933114 0.0184308438282988 0.0180905710519027 0.0177836520978686 0.0175096698154081 0.0172679955972843 0.0170578155612074 0.016878162425764 0.0167279483604213 0.0166059987838512 0.0165110831079576 0.0164561700035344 0.0164086752340056 0.0163849552502278 0.016471600929241 0.0164859174448476 0.0165210248796573 0.0165757403191739 0.0166489297041326 0.0167395069962015 0.0168464310342035 -9999 -9999 -9999 -9999 -9999 -9999 -9999 -9999 -9999 -9999 -9999 -9999 -9999 -9999 -9999 -9999 -9999 -9999 -9999 -9999 -9999
0.0238553454567086 0.0232189714642854 0.022607965529289 0.0220235754964858 0.0214669857546572 0.0209392928546975 0.0204414785584461 0.0199743825224067 0.0195386778332095 0.0191348484272155 0.0187631731385434 0.0184237166388904 0.0181163283804755 0.017840650412831 0.0175961330115901 0.0173820573621879 0.0171975617447917 0.0170416702829685 0.0169133221251996 0.0168113986076562 0.0167467723718436 0.0166911587265157 0.016658971759374 0.0166490629491449 0.0166603060873225 0.0166916044026094 0.0168254501486855 0.0168887691585937 0.0169695700742371 0.0170668435887739 -9999 -9999 -9999 -9999 -9999 -9999 -9999 -9999 -9999 -9999 -9999 -9999 -9999 -9999 -9999 -9999 -9999 -9999 -9999 -9999 -9999
0.0240996195420888 0.0234753917218849 0.0228758341757615 0.022302096266371 0.0217552644816919 0.0212363408805985 0.0207462209587608 0.0202856702259982 0.0198553030834956 0.0194555640514364 0.0190867138430865 0.0187488218716 0.0184417646872079 0.0181652326800353 0.0179187432539513 0.017701659366064 0.017513212391142 0.0173525263497868 0.01721864321575 0.0171105465638713 0.017036975992819 0.0169740438792382 0.016934141048128 0.0169162035673159 0.0169191818299995 0.016942046675641 0.0169837938959947 0.0170434461791606 0.0172051417483303 0.0172931058111383 -9999 -9999 -9999 -9999 -9999 -9999 -9999 -9999 -9999 -9999 -9999 -9999 -9999 -9999 -9999 -9999 -9999 -9999 -9999 -9999 -9999
0.0239663217715961 0.023365691606814 0.0227887342198026 0.0222364708373391 0.0217098644509646 0.021209801922058 0.0207370760835551 0.0202923662093064 0.0201614935466466 0.0197664058466862 0.0194010081789152 0.0190653694654928 0.0187593861180388 0.018482787501676 0.0182351470783151 0.018015898235052 0.0178243531377961 0.0176597243326356 0.017521145944158 0.017407694643787 0.017318408662177 0.0172564701968939 0.0172096056960217 0.0171843474537288 0.017179719392283 0.0171947590775853 0.0172285214317219 0.0172800811039822 0.0173485337915344 0.0174329953276815 -9999 -9999 -9999 -9999 -9999 -9999 -9999 -9999 -9999 -9999 -9999 -9999 -9999 -9999 -9999 -9999 -9999 -9999 -9999 -9999 -9999
0.0241434003479406 0.0235560016860895 0.0229917205421545 0.0224514954748895 0.021936203325634 0.0214466453575709 0.020983532387448 0.0205474686704671 0.0201389381576542 0.0197582913519006 0.019405735973095 0.0190813313339166 0.0187849875977516 0.0185164697642292 0.0182754069621688 0.0180613045301723 0.0181303075121824 0.0179625512602767 0.0178200876951166 0.0177020774633327 0.0176076417806866 0.017537631875166 0.0174845555358888 0.0174526859756967 0.0174411178060721 0.0174489529580864 0.017475304329797 0.0175192988218417 0.0175800779997111 0.0176567983915539 -9999 -9999 -9999 -9999 -9999 -9999 -9999 -9999 -9999 -9999 -9999 -9999 -9999 -9999 -9999 -9999 -9999 -9999 -9999 -9999 -9999
0.0243067898034849 0.0237326253283396 0.0231810316018234 0.0226528778173756 0.0221489673064641 0.0216700267925514 0.0212166947666614 0.0207895087369291 0.020388894299547 0.020015155332534 0.0196684663828164 0.0193488691046609 0.0190562718390023 0.0187904539302311 0.0185510730182867 0.0183376769322863 0.0181497163634064 0.0179865607487469 0.0178475130845493 0.0177318251160227 0.017638711915207 0.0175673633505834 0.0177582323989858 0.0177204562468668 0.0177026149829611 0.0177038720075661 0.0177233969186417 0.0177603676363865 0.0178139716687782 0.0178834065668129 -9999 -9999 -9999 -9999 -9999 -9999 -9999 -9999 -9999 -9999 -9999 -9999 -9999 -9999 -9999 -9999 -9999 -9999 -9999 -9999 -9999
0.0244566662027749 0.0238957390287921 0.0233568390112946 0.0228407781498585 0.0223482984408489 0.0218800629688975 0.0214366475622786 0.0210185311400439 0.020626087274128 0.0202595769457247 0.0199191434404307 0.0196048098131088 0.0193164798020978 0.0190539414614358 0.0188168744946463 0.0186048603459729 0.0184173935892853 0.018253895142197 0.0181137256543211 0.0179961985316713 0.017900591965003 0.0178261596932152 0.0177721403217023 0.0179869460774348 0.0179634931326328 -9999 -9999 -9999 -9999 -9999 -9999 -9999 -9999 -9999 -9999 -9999 -9999 -9999 -9999 -9999 -9999 -9999 -9999 -9999 -9999 -9999 -9999 -9999 -9999 -9999 -9999
0.0245932417095157 0.0240455581448191 0.0235193563074918 0.02301540272545 0.0225343891071045 0.0220769256328715 0.0216435351883356 0.0212346460220545 0.0208505861739349 0.0204915783438446 0.0201577368271097 0.0198490665722413 0.0195654643855252 0.0193067234365901 0.019072539840854 0.0188625217915241 0.0186761998364791 0.0185130381525769 0.01837244629101 0.0182537907038084 0.0181564050544245 0.0180795994644549 0.0180226686019467 0.0179848981143811 0.017965569342845 -9999 -9999 -9999 -9999 -9999 -9999 -9999 -9999 -9999 -9999 -9999 -9999 -9999 -9999 -9999 -9999 -9999 -9999 -9999 -9999 -9999 -9999 -9999 -9999 -9999 -9999
0.0247167637110506 0.0241823355888016 0.0236688368851282 0.0231770002171108 0.0227074777066342 0.022260836708447 0.0218375564018417 0.0214380224320087 0.0210625238957188 0.0207112501179722 0.020384289385089 0.0200816293743967 0.0198031593889299 0.0195486748369183 0.0193178840578253 0.0191104162852399 0.0189258312336776 0.018763629136647 0.0186232611464857 0.0185041388472889 0.0184056440933063 0.0183271364221533 0.0182679602616002 0.0182274505976664 0.0182049368142023 -9999 -9999 -9999 -9999 -9999 -9999 -9999 -9999 -9999 -9999 -9999 -9999 -9999 -9999 -9999 -9999 -9999 -9999 -9999 -9999 -9999 -9999 -9999 -9999 -9999 -9999
0.0248275154699544 0.0243063601066144 0.0238055716718822 0.0233258589739425 0.0228678447594729 0.0224320634360307 0.0220189589015925 0.0216288824332914 0.021262090483247 0.020918744371592 0.0205989097919596 0.0203025586578084 0.0200295729558188 0.0197797483911181 0.0195528024806388 0.0193483809691489 0.0191660675026079 0.0190053917943546 0.0188658399899946 0.0187468624044458 0.0186478819936758 0.0185683014191305 0.0185075090019394 0.0184648833820475 0.0184397970986161 -9999 -9999 -9999 -9999 -9999 -9999 -9999 -9999 -9999 -9999 -9999 -9999 -9999 -9999 -9999 -9999 -9999 -9999 -9999 -9999 -9999 -9999 -9999 -9999 -9999 -9999
0.0249258176108699 0.0244179579068429 0.0239298891237405 0.0234623059943271 0.0230158113263118 0.0225909153384001 0.0221880358130379 0.0218074965445319 0.0214495284482283 0.0211142695871557 0.0208017667569569 0.0205119790459885 0.0202447809141692 0.0199999683929258 0.019777265127715 0.0195763303893709 0.019396766952565 0.0192381293796557 0.0190999328123727 0.0189816601905617 0.0188827698952932 0.0188027016494949 0.0187408821340306 0.0186967284132556 0.018669651603667 -9999 -9999 -9999 -9999 -9999 -9999 -9999 -9999 -9999 -9999 -9999 -9999 -9999 -9999 -9999 -9999 -9999 -9999 -9999 -9999 -9999 -9999 -9999 -9999 -9999 -9999
0.0250120310304593 0.0245174941872607 0.0240421562444836 0.0235867066943124 0.0231517374260933 0.02273774305195 0.0223451227872953 0.021974180830822 0.021625128328549 0.0212980855046483 0.0209930845456086 0.020710073802464 0.0204489218834673 0.020209424604192 0.0199913108254026 0.0197942504128633 0.0196178620428768 0.0194617205999839 0.0193253655141759 0.0192083072698749 0.0191100343680885 0.0190300185369843 0.0189677192292842 0.018922587412822 0.0188940680476979 -9999 -9999 -9999 -9999 -9999 -9999 -9999 -9999 -9999 -9999 -9999 -9999 -9999 -9999 -9999 -9999 -9999 -9999 -9999 -9999 -9999 -9999 -9999 -9999 -9999 -9999
0.0250865601963843 0.0246053752280937 0.024142779426982 0.0236994655080867 0.0232760221203946 0.0228729364132037 0.0224905964546875 0.0221292934995397 0.0217892254047324 0.0214704996883568 0.0211731377822716 0.0208970801571672 0.0206421916081951 0.0204082677064014 0.0201950421015497 0.0200021935119049 0.0198293535469144 0.0196761143807631 0.0195420356691861 0.0194266509855553 0.0193294743528152 0.019250004732576 0.0191877300064601 0.0191421303756879 0.0191126803608118 -9999 -9999 -9999 -9999 -9999 -9999 -9999 -9999 -9999 -9999 -9999 -9999 -9999 -9999 -9999 -9999 -9999 -9999 -9999 -9999 -9999 -9999 -9999 -9999 -9999 -9999
0.0251498566157316 0.0246820516330658 0.0242322073949511 0.023801027113085 0.023389103857329 0.022996924315861 0.0226248727455432 0.0222732338018801 0.0219421975097342 0.0216318640308889 0.0213422479553014 0.0210732851313005 0.0208248382356611 0.0205967039632401 0.0203886199858462 0.0202002731513861 0.0200313063084248 0.0198813256859778 0.0197499081536836 0.0196366069700423 0.0195409574755832 0.0194624818527736 0.019400692247143 0.0193550940390747 0.01932518745971 -9999 -9999 -9999 -9999 -9999 -9999 -9999 -9999 -9999 -9999 -9999 -9999 -9999 -9999 -9999 -9999 -9999 -9999 -9999 -9999 -9999 -9999 -9999 -9999 -9999 -9999
0.0252024233724452 0.0247480215638466 0.0243109332004436 0.0238918784089786 0.023491461584144 0.0231101756050064 0.0227484070146718 0.0224064401810125 0.0220844629702434 0.0217825724567026 0.021500780765103 0.0212390221537441 0.0209971592635479 0.0207749909717164 0.0205722599437324 0.0203886600568893 0.0202238440610683 0.0200774306505482 0.0199490110232677 0.0198381551411612 0.0197444164830447 0.0196673366692781 0.0196064487909922 0.0195612795460083 0.0195313516277438 -9999 -9999 -9999 -9999 -9999 -9999 -9999 -9999 -9999 -9999 -9999 -9999 -9999 -9999 -9999 -9999 -9999 -9999 -9999 -9999 -9999 -9999 -9999 -9999 -9999 -9999
0.0252448181112198 0.0248038335924434 0.0243794963231425 0.0239725497671288 0.0235836154325266 0.0232131985010562 0.0228616936474274 0.0225293902441677 0.02221647912249 0.0219230589850458 0.0216491431586414 0.0213946675083906 0.0211594968391818 0.0209434341035096 0.0207462271401793 0.020567576901144 0.0204071454308983 0.0202645620919044 0.0201394308384695 0.0200313354816955 0.0199398450358388 0.0198645178729911 0.0198049044050834 0.0197605497556773 0.0197309954448248 -9999 -9999 -9999 -9999 -9999 -9999 -9999 -9999 -9999 -9999 -9999 -9999 -9999 -9999 -9999 -9999 -9999 -9999 -9999 -9999 -9999 -9999 -9999 -9999 -9999 -9999
0.0252776566089824 0.0248500891862936 0.0244384856293354 0.0240436172742244 0.0236661285222089 0.0233065420008423 0.0229652658703963 0.0226425994305186 0.0223387411203405 0.0220537957716768 0.0217877812505522 0.0215406379567828 0.0213122358379456 0.0211023827530284 0.0209108329667561 0.0207372951118414 0.020581439503464 0.0204429056691394 0.0203213083299166 0.0202162438817299 0.0201272943686681 0.0200540320437029 0.0199960223246815 0.0199528259858133 0.0199240004215714 -9999 -9999 -9999 -9999 -9999 -9999 -9999 -9999 -9999 -9999 -9999 -9999 -9999 -9999 -9999 -9999 -9999 -9999 -9999 -9999 -9999 -9999 -9999 -9999 -9999 -9999
0.0253016152185638 0.0248874452957892 0.0244885399601281 0.0241057034182874 0.023739607058243 0.0233907957743972 0.0230596956589963 0.0227466208633598 0.0224517814129195 0.0221752917446184 0.0219171782864975 0.0216773886642835 0.021455799823327 0.0212522269277778 0.0210664315668129 0.0208981301251362 0.0207470016581319 0.0206126949125671 0.020494834723233 0.0203930279996869 0.0203068683010807 0.0202359398840109 0.0201798207470021 0.0201380847187533 0.0201103027400299 -9999 -9999 -9999 -9999 -9999 -9999 -9999 -9999 -9999 -9999 -9999 -9999 -9999 -9999 -9999 -9999 -9999 -9999 -9999 -9999 -9999 -9999 -9999 -9999 -9999 -9999
0.0253174314886737 0.0249166149067826 0.0245303501189713 0.0241594780381669 0.0238047009904287 0.0234665902537401 0.0231455938581572 0.0228420445958117 0.0225561679114903 0.0222880913483374 0.0220378528241488 0.0218054101189413 0.0215906494806332 0.0213933947453722 0.021213416128865 0.0210504387348571 0.0209041502540683 0.0207742083042615 0.0206602472001371 0.020561883404607 0.0204787203543208 0.0204103527839476 0.020356369220831 0.0203163545600211 0.0202898913594813 -9999 -9999 -9999 -9999 -9999 -9999 -9999 -9999 -9999 -9999 -9999 -9999 -9999 -9999 -9999 -9999 -9999 -9999 -9999 -9999 -9999 -9999 -9999 -9999 -9999 -9999
0.0253259052364592 0.0249383671336494 0.0245646579137211 0.0242056578937428 0.0238621037737349 0.0235345963066609 0.0232236090485148 0.0229294964526401 0.0226525029380738 0.0223927724550541 0.022150356888636 0.0219252266565506 0.0217172792613036 0.0215263491671135 0.0213522163626803 0.0211946152048803 0.0210532425437087 0.0209277649138972 0.020817825416724 0.0207230493387557 0.0206430492189193 0.020577428424615 0.0205257848819196 0.0204877126265615 0.0204628038067126 -9999 -9999 -9999 -9999 -9999 -9999 -9999 -9999 -9999 -9999 -9999 -9999 -9999 -9999 -9999 -9999 -9999 -9999 -9999 -9999 -9999 -9999 -9999 -9999 -9999 -9999
0.0253278959607358 0.0249535260474667 0.0245922553977754 0.0242450058464044 0.023912550980443 0.023595523803155 0.0232944260412883 0.0230096368423536 0.0227414222909671 0.0224899450197604 0.0222552737148616 0.0220373935701244 0.0218362154201077 0.0216515854745967 0.0214832948093328 0.0213310880223808 0.021194671460669 0.0210737206952098 0.0209678875624393 0.0208768053815266 0.0208000948752332 0.0207373674588139 0.0206882286399909 0.0206522806108269 0.0206291233209951 -9999 -9999 -9999 -9999 -9999 -9999 -9999 -9999 -9999 -9999 -9999 -9999 -9999 -9999 -9999 -9999 -9999 -9999 -9999 -9999 -9999 -9999 -9999 -9999 -9999 -9999
0.0253243200078494 0.0249629675497 0.0246139820780745 0.0242783283562164 0.0239568184244994 0.0236501197418777 0.0233587644197341 0.0230831585251515 0.0228235920357996 0.0225802484799569 0.0223532155791914 0.0221424950113063 0.0219480124890842 0.0217696276979139 0.0216071439559591 0.0214603165762816 0.0213288621099592 0.0212124653282856 0.0211107864995856 0.0210234671880597 -9999 -9999 -9999 -9999 -9999 -9999 -9999 -9999 -9999 -9999 -9999 -9999 -9999 -9999 -9999 -9999 -9999 -9999 -9999 -9999 -9999 -9999 -9999 -9999 -9999 -9999 -9999 -9999 -9999 -9999 -9999
