R/Data/side_v1_12_2.asc
NCOLS 365 
NROWS 740 
XLLCORNER 0.791666667335165 
YLLCORNER 6.2083333340009 
CELLSIZE 0.00833333332967033 
NODATA_value -9999 
[rows 161 to 183 of 740, columns 52 to 103 of 365]
0.0152992123409465 0.0150390545945675 0.0147647850741279 0.0145951752625517 0.0142921686535137 0.01397943710137 0.0136593441662848 0.0133344560808407 0.0131016845282474 0.0135362925512293 0.0131883146004804 0.0171847552486222 0.0168402514213626 0.0165075298744638 0.0161842229526639 0.015878200970978 0.0155921809595644 0.021121055584574 0.0208000379388596 0.0153030517345768 0.0151650972754284 0.0150613048435488 0.0149938404715572 0.0149053020599395 0.017760168126306 0.0178414817996572 0.0179720835564081 0.0181553907869792 0.0182863314816822 0.01747472040292 0.0178256749639187 0.0182700000542848 0.01476808516353 0.0154234890299077 0.0160478659664903 0.0167665827653995 0.0175900709248149 0.0185301800086123 0.0195366336237558 0.0207519878407344 0.022128788474683 0.0236856855907664 0.0260008017717928 0.0277877199637426 0.0300338339138988 0.032558481332573 0.0356251712648263 0.0455705823580229 0.0493642783232458 0.0539064371316853 0.0589733552543911 0.0646127097072369
0.0154124540449555 0.0151487810960558 0.0148700156712117 0.0146983251650768 0.0143887325781101 0.0140685286567428 0.0137401631322756 0.0134063092570321 0.0131651262661784 0.0135923434409157 0.0132334111300636 0.0128809060864727 0.0168778889514388 0.0165324039788223 0.016196620939228 0.0158785748668895 0.0155811102809591 0.0153068181360211 0.0207459618057074 0.0205606958332055 0.0150784169251215 0.0149652814705008 0.0148891732642273 0.0147936541678223 0.0148003004494299 0.0177058252200541 0.0178295035172837 0.0180065065857683 0.0181307113083452 0.0173191550347821 0.0176655934202902 0.0181069071251686 0.0146219099131013 0.0152770955177662 0.0158997013556577 0.0166170341460699 0.0174395875715617 0.0183792956842642 0.0193873995501698 0.0206037071754016 0.021982328408861 0.0235420557957981 0.0258600811483703 0.0276512450340311 0.0299040952624058 0.0326600752650329 0.0355099847703289 0.0387022170423929 0.0491284560380619 0.0536677161132803 0.0587306242790995 0.0643642996419912
0.0155308240660207 0.0152639182980092 0.0149808716726225 0.0148073351830962 0.0144912226921271 0.0141635362916466 0.0138268149002531 0.0134838433224761 0.0132341106169967 0.013653871642631 0.0132836403256947 0.0129196645576678 0.0169207992862224 0.0165620292950744 0.0162132198860325 0.0158826137095533 0.0155731928044185 0.0152876649063772 0.0206954696455928 0.0204968005828182 0.0203325994039198 0.0148717864876759 0.0147869262402796 0.0146843734226531 0.0146838538005178 0.0175727383274893 0.0176897153957681 0.0178607221325358 0.0168897205227179 0.0171674822821797 0.0175324254069055 0.0179488208773733 0.0144807756543451 0.0151363041721165 0.0157577372749367 0.0164743311297584 0.0172966464276704 0.0182367080429197 0.019247404622048 0.0204655684380509 0.0218469959220167 0.0239385474516124 0.0257332025495392 0.0275299008673879 0.0297909305969579 0.0325535151724074 0.0354147016103017 0.0386199105531727 0.0424039683006847 0.0534655404723037 0.0585275077113763 0.0641586093227875
0.0156545249255186 0.0153847120383111 0.0150976374421565 0.0149225239669104 0.0145999843410606 0.014264825819809 0.0139196788579656 0.0135674441524774 0.0133090270630424 0.0137212830017117 0.0133393935140422 0.012963549415065 0.0169694346235527 0.0165968226309028 0.0162343948957496 0.0158906486848701 0.0155687166494841 0.0152714318581618 0.0206487760263918 0.0204362152012447 0.0202590668418637 0.0201201210880592 0.0146871563844134 0.0145774985801722 0.0145698473013775 0.017442241036715 0.0175527494698375 0.0177180880319182 0.0167460477732463 0.017019808234586 0.0173824693411132 0.0177959238033847 0.0182866393645197 0.0150013282560778 0.0156222178688794 0.016338748765295 0.017161554776258 0.018102758048288 0.0191170268311528 0.020337987299856 0.0217232479345386 0.0238195129461515 0.0256207588358939 0.0274243365860388 0.0299055440865356 0.0324659787925574 0.0353401695072156 0.0385601767339806 0.0423627636687136 0.0463847173597557 0.0583646581217698 0.0639962860575644
0.0160657157459336 0.0157625029253615 0.0154391460859449 0.0150444453519233 0.0146792958929347 0.0143012567587344 0.0139133709174301 0.0135189670379271 0.0130288524392956 0.013427118734895 0.0130289674452112 0.0126387948660168 0.0122600781630899 0.0160077395003978 0.0156746758566467 0.0153598272098466 0.0150659717770195 0.0147956666538489 0.0149565152627605 0.0200312861371027 0.0198606438372235 0.019727355678441 0.0196341806798367 0.0142655565080569 0.0142697974933259 0.017143179489403 0.0172634744130645 0.0174383710181734 0.0165604955427257 0.0168706317268992 0.0172294280184787 0.017660462879041 0.0181703587959508 0.0147903843806382 0.0154204755000496 0.016147461357748 0.0169822347596006 0.0179371994524884 0.0190263819035435 0.0202655338859029 0.0221746671501047 0.0237936976806531 0.0256241447764828 0.0276897578810297 0.0302240561733775 0.0328451439380785 0.0357846488016947 0.0390739337530941 0.0427460328769687 0.0468354853653945 0.051378142824311 0.0644245486886365
0.0161972259345944 0.0158921509198171 0.0155655389950454 0.0151611659084529 0.0147901436533342 0.0144049416064764 0.0140087164941867 0.0136049450396344 0.0131011986350419 0.013492796142518 0.0130831491239116 0.012681225431413 0.0122907050582366 0.0160409287611068 0.0156951587068641 0.0153679685412734 0.0150622880753334 0.015258106348564 0.0149312766326716 0.0146981821663337 0.0197931679909516 0.0196478591188077 0.0195438446585254 0.0195020473792911 0.0141637276691469 0.0170211549988161 0.0171356961784892 0.0173058174882745 0.016429300557371 0.0167378496335901 0.0170945867562084 0.0175241703580716 0.0180331701841657 0.0146716816786863 0.015302683050955 0.0160311621578831 0.0168680966499937 0.0178260027339828 0.0189190436229834 0.0201631304442907 0.0220788985012565 0.0237058314365805 0.0255458247283545 0.0276227994431346 0.0301677989834141 0.0328039561037115 0.0357605398259996 0.0390688355767124 0.0427616859060457 0.046873308183201 0.0514390854922299 0.0564952939243335
0.0163346707052692 0.0160282673026466 0.0156988382886506 0.0152849975220412 0.014908330121424 0.0145160781431373 0.0141115138603528 0.0136982675201199 0.0131806110679042 0.0135655881296563 0.0131440684818834 0.012729960818019 0.0123271644895735 0.016080587289865 0.0157214588373032 0.0153812705315532 0.0150631187014632 0.0152483173059773 0.0149093457301089 0.0146660447852743 0.0144551614858953 0.0195713109565208 0.0194561059622961 0.0194063414916765 0.0193939026866403 0.0169018724982778 0.0170109358137754 0.0171766925654909 0.01632220670313 0.0166095442972192 0.0169649058104097 0.0173937867041382 0.017902695578012 0.0145595855977016 0.0151922319373127 0.0159229858283468 0.0167629160779956 0.017724658946884 0.0188225248838284 0.0205532543296958 0.0219966832823917 0.0236328192851735 0.0254837749566636 0.0277710907983269 0.0301311360244532 0.0327841418019947 0.0357596951568557 0.0390889834328461 0.0428046261678318 0.0469404715776103 0.0515313749174762 0.0566129134281458
0.0164782780526471 0.0161711481511834 0.0158394029910536 0.0154163512737878 0.0150343143578141 0.014635163643307 0.0142222883487593 0.0137994779614661 0.0132676386185367 0.0136460818638443 0.0132123004788974 0.0127855557587828 0.012369984131803 0.0117044430600859 0.0157541970956026 0.0154002963275214 0.0150689634415736 0.0152428928564566 0.014891089081039 0.0146369612685613 0.0144163603455798 0.0142314411494828 0.0193710629883581 0.01931306283321 0.0192921768195144 0.019323864763923 0.0168892537512475 0.0170510969958691 0.0162000653964635 0.0164859301829062 0.0168406646680245 0.0172696582121013 0.0177793468652511 0.0144544674852061 0.0150895369684822 0.0158233894967686 0.0166671914011525 0.0176337082067345 0.0187374067375258 0.0204764380642469 0.0219287496724642 0.0235754413725292 0.0254388307204287 0.0277385227258248 0.0301150199376153 0.0327867180293644 0.035783196572648 0.0391355240410936 0.0428760628244284 0.0470382447492495 0.0516563294228177 0.0567651162349233
0.0166282796157865 0.0163211000012614 0.0159876091481493 0.0155556618254264 0.0151685856635502 0.0147627323375868 0.0143416084261142 0.0139091684867173 0.0133628816607984 0.0137349243289801 0.0132884834183451 0.0128486306816311 0.0124197582097085 0.0117380420456038 0.0157940927850777 0.0154257024094432 0.0155638573486878 0.0152423531837247 0.0148769448650004 0.0146112885146249 0.0143803359188258 0.014186370715485 0.0140315652945771 0.019222276471287 0.0191928341834604 0.0192178201503133 0.0193001637380461 0.0158924685616452 0.0160821352518292 0.0163672668067404 0.0167222006338627 0.017152199035714 0.0176636131119648 0.0143567616579114 0.0149950801013097 0.0157329001014667 0.0165814931980344 0.0175537625295041 0.0191265392108764 0.0204134203746923 0.0218759080784336 0.0235345595035048 0.0256006022230081 0.0277257573700256 0.0301204844286596 0.0328127782876198 0.0358321997586071 0.0392096751821556 0.0429772734156195 0.0471679568675856 0.0518153226108518 0.0569533026716328
0.0157081951882984 0.0154130052123102 0.0150956517791243 0.0146694253910831 0.0143184452602442 0.0139517477156691 0.0135723061804384 0.0131834900668327 0.0136156733918424 0.0132101916577235 0.0128062948089552 0.0124080532901142 0.0120194148820184 0.0116239068532981 0.0112653393584576 0.0153186686519098 0.0154503896811721 0.0151208164509137 0.0148208655726728 0.0145533833920572 0.014321039075384 0.0141263806238169 0.0139718695891967 0.0138598740547143 0.0105659205806 0.019085803659854 0.0191628818132606 0.0157500771315961 0.0159686465890567 0.0162538737311026 0.0166099250236155 0.0170419110518275 0.0175560817021174 0.0142669804810881 0.014909425259779 0.0156521295692591 0.016506477273029 0.0174855206061865 0.0190683210061199 0.0203650577976316 0.0218390639076393 0.0235111306410196 0.0255910626520336 0.0277338597680755 0.0301486508877172 0.0328635031890772 0.0359079444590771 0.0393127343578487 0.0431096085734229 0.0473310037346402 0.0520097830634312 0.0571789185231097
0.0158422340757857 0.0155488000291253 0.0152315476922457 0.0148025499441783 0.0144482442306581 0.014076552057869 0.013690537365681 0.0132937077728204 0.0137232119010874 0.0133068920713795 0.0128912987587558 0.0124807507277652 0.0120794437628455 0.0116706949821819 0.0112994560599958 0.0158484394175364 0.0154766021346541 0.0151320074964172 0.0148179363681926 0.014537420259263 0.0142933094924591 0.0140883374495879 0.0139251586820052 0.0138063332344955 0.0105031844856427 0.0105068665336667 0.0105588798295814 0.0156416308403773 0.0158598868628611 0.0161461484040767 0.0165043459512621 0.0169394079277284 0.0174574634126946 0.0141857338380844 0.0148332367883643 0.0155817905700802 0.0164429014553554 0.0178765270238389 0.019024435518743 0.0203323169880907 0.0218192305752243 0.0236875986349352 0.0256018021952812 0.0277639948741329 0.0302007376902425 0.0329401653645765 0.0360117589964244 0.039446082116376 0.0432744947236836 0.0475288506162997 0.0522411975732924 0.0574434549152121
0.0159826263279375 0.0156918266313245 0.0153754481775936 0.0149442884805972 0.0145871652039077 0.0142108429738376 0.0138184720797484 0.0134137005951039 0.0138410740661715 0.0134136985874306 0.012986072793305 0.0125627809832176 0.0121482835933682 0.0117256918128522 0.0113411446528986 0.0158994560306281 0.0155108639115215 0.0151501972201553 0.0148209561408187 0.0145263833704259 0.0142695410616066 0.014053385215513 0.0138808097647415 0.0137546222815196 0.0136774208818679 0.0104435769342926 0.0104948994475965 0.0155373468430472 0.0157562216625003 0.0160445925515616 0.016406099001827 0.0168454486899444 0.017368627191188 0.0141137518591829 0.0147673014266495 0.0155227188089867 0.0163916436978798 0.0178371544816003 0.0189959316522403 0.0203162887826983 0.0218175422384439 0.0237011888027008 0.0256340477007491 0.0278174363688651 0.0302780681073371 0.0330441390970322 0.036145066072559 0.0396111871903987 0.0434734405465069 0.0477630318260158 0.0525111116289538 0.0577484435474767
0.0161296206405849 0.0158424275289506 0.0155277876772665 0.0150951634000689 0.0147358113409833 0.0143552958143845 0.0139568487192837 0.0135442590776454 0.0139701635114781 0.0135315459327059 0.0130915703961191 0.0126551036335846 0.0122268883671208 0.0117898327043837 0.011391310369439 0.0159608473923822 0.0155543862481342 0.0151764884834266 0.0148308972239241 0.014521095057684 0.014250392540567 0.0140220150239641 0.0138391564957047 0.0137049466809599 0.0136222794225695 0.013593518101639 0.0104334218465073 0.010538054546472 0.0156581234105016 0.0159498498797196 0.0163159896291572 0.0167609831596641 0.0172906450205269 0.0140519157647625 0.0147125560562749 0.0154758965610725 0.0167878214286321 0.0178130759680275 0.0189840051624489 0.0203182053835047 0.0220106720918388 0.0237359294816499 0.0256891494729919 0.0278955766820227 0.0303820787293836 0.0331769050655411 0.0363093896100499 0.0398096113950993 0.0437080359071511 0.0480351517575803 0.0528211261689945 0.0580954577444645
0.0162834654762547 0.0160009509742531 0.0156890128177666 0.0152557170416449 0.0148948142225146 0.0145106238231035 0.0141064526780829 0.0136862311983412 0.0141114608012507 0.0136614577503671 0.0132088462182355 0.0127587919592041 0.0123163375730025 0.0118641892954433 0.0114510044658517 0.0160341628310156 0.0156086414655226 0.0152122452232528 0.0148489822269832 0.014522605477037 0.0142367160463858 0.0139948675492256 0.0138006329374748 0.0136575669302815 0.0135689733802247 0.0135374674420566 0.0135645800357363 0.0104815158910262 0.0155662154137012 0.0158627604885309 0.0162350548831323 0.0166872134182871 0.0172248495952006 0.0140012953161708 0.0146701208709669 0.0154424806125567 0.0167684050389642 0.0178056256119217 0.0189900177171648 0.0203394561127367 0.0220485052873015 0.023793273024805 0.0257685914131963 0.0279999349037095 0.0305143247444679 0.0333400560111031 0.0365063570408741 0.0400430101913532 0.0439799544610583 0.0483468868466919 0.0531728952563466 0.0584861021738241
0.0163186519202219 0.0160450431917352 0.0157406954056252 0.0154065119689082 0.0150442416519048 0.0146564714204122 0.0142465757634115 0.0138186231401218 0.0142438350038193 0.0137821517580759 0.0133165252263124 0.0128524306747306 0.0123952217314011 0.0119499876655488 0.0165920238779779 0.0161212567469639 0.0156754263892069 0.0152591661261528 0.0148767661265162 0.014532276918392 0.0142296364451188 0.0139727981330229 0.0137658192668767 0.0136128230913686 0.0135176928479868 0.0134834248534965 0.0135114794250972 0.00875552955662114 0.00819253660227905 0.0157844443674016 0.0161646506992683 0.0166256788550256 0.0171729120810242 0.0139631953985753 0.0146413376669954 0.0158480094963779 0.0167658891826846 0.0178163381338701 0.0190155172715547 0.0205522922863807 0.022108920315021 0.0238748234408709 0.0258740011739509 0.0281321645498384 0.0306764893200339 0.0335353035295317 0.0367377050208417 0.0403131388477983 0.0442909555893102 0.0486999817322415 0.0535681245460921 0.0589220115220586
0.0164849808469846 0.0162184035547043 0.0159189359569032 0.0155873050844121 0.0152251557061392 0.0148350490751245 0.0144204166341178 0.0139854627028631 0.0144120971899419 0.0139389597203125 0.0134603133459116 0.0129819632990939 0.0125095968669703 0.0120486231760058 0.0167166874701061 0.0162243436821977 0.0157569348014488 0.015319376897141 0.0149162446823169 0.0145519037677732 0.0142306708297458 0.013956982216741 0.0137355176709721 0.0135711742960865 0.0134686742486282 0.0134316081119992 0.0134613575399027 0.00871581918697745 0.00815503795660601 0.00838330023828099 0.0161065777582384 0.016578370071417 0.0171369368919551 0.0139392109268199 0.0146278120349428 0.0158509920233758 0.0167820372029494 0.0178469693152137 0.0190622547380458 0.020616846330638 0.0221936752996383 0.0239823448782221 0.0260071545938256 0.0282940581523911 0.0308703836638454 0.0337644773987065 0.0370052786380465 0.040621845993557 0.0446428782947047 0.0490962431677275 0.054008561919142 0.0594048383450885
0.0166588493377952 0.0164006864939775 0.0161073794954146 0.0157794511807106 0.015418416849369 0.0150267942585059 0.0146080594818462 0.0141665485772902 0.0145959261552304 0.0141114138943558 0.0136196557894837 0.0131268036444617 0.012638894463431 0.0121616715981617 0.0168610035326343 0.016346053498741 0.0158558386557743 0.0153955395294358 0.0149699972944244 0.0145838829099661 0.0142419130917524 0.0139490876387253 0.0137108837898356 0.0135332701199995 0.0134222206727689 0.0133822896977081 0.0134147761116993 0.00888290808366587 0.0090516963560087 0.00835901336347518 0.00865238067533779 0.00900621898190589 0.0171195783026145 0.013931286960458 0.0150485781453295 0.0158734914581463 0.016818882159594 0.0178995157546309 0.0191321980723441 0.0207061908132232 0.0223047075729244 0.0241177672499427 0.0261699811630579 0.0284875510356932 0.0310979514471145 0.0340295293647984 0.0373110304304727 0.0409710766119271 0.0450376406778619 0.0495375373374283 0.05449598799961 0.0599362411362217
0.0168404766517088 0.0165922235635799 0.016306474159256 0.0159835167816472 0.0156247114575831 0.0152325109042813 0.0148104230311589 0.0143629099031619 0.0147965696378017 0.014300871102691 0.0137960148908701 0.0132885155995273 0.0127847770214017 0.0122908915913829 0.0170279024252843 0.0164894746735134 0.0159753625153987 0.0154909728584108 0.0150413610585945 0.0146314477531113 0.0142663155543156 0.0139515668459867 0.0136936680259839 0.0135000872496871 0.0133787372194277 0.0133358218323903 0.0133725664638043 0.00885413439183127 0.00903159063657637 0.00926710260906889 0.00864547465657787 0.00900836875917751 0.00943612748861776 0.0139417781800759 0.0150786179774447 0.0159179145235299 0.0168787446292449 0.0179762265657996 0.0193950583075259 0.0208224801502248 0.0224441370440859 0.024283187312388 0.0263645646824958 0.0287147202930001 0.0313612664060513 0.0343325276219908 0.0376570168334627 0.0413628620847266 0.0454772284885874 0.0500257775435411 0.0550322074271474 0.0605178731370138
0.0170300650621387 0.0167933283040581 0.0165166512842561 0.0162000554268822 0.0158447165820896 0.015453000437257 0.0150284311976834 0.0145755911995086 0.0150153104174258 0.0145087408402219 0.0139909264751951 0.0134687629659333 0.0129490390314266 0.0124382128088173 0.0172206857714683 0.0166581706740317 0.0161193353809796 0.0156097575459437 0.0151346187966124 0.0146989665510465 0.0143081086752113 0.0139681580350423 0.013686684080016 0.0134732187146258 0.0133388026703035 0.013292682742678 0.0133360656025437 0.00883291305011025 0.00902108087314285 0.00926778290009139 0.00957223401443716 0.00902288014863239 0.00946052005251652 0.00996912713027102 0.0151324150119223 0.0159870118075476 0.01696423599736 0.0180796022186756 0.019518743179666 0.0209680653201531 0.0226142608692262 0.0244808643713076 0.0265931375913114 0.0289777797853261 0.031662525932479 0.0346756526090071 0.0380453929911896 0.0417993139396902 0.0459636870716925 0.0505629109194858 0.0556190305906517 0.0611513614357981
0.0172277945314718 0.0170042891600332 0.0167383163903767 0.0164295952692051 0.016079087090614 0.0156890460763334 0.0152629967186184 0.0148056339052155 0.0152534427940801 0.0147364597322456 0.0142059729785813 0.0136692798433565 0.0131335760180274 0.0180463625173041 0.0174429830986062 0.0168561473069869 0.0162921843952808 0.0157567853545459 0.0152551486361121 0.0147922618518834 0.0143733694738187 0.0140047284569457 0.0136947689766329 0.0134555629131385 0.0133033406706261 0.0132535800461508 0.01330768700418 0.00882195812215172 0.00902337778884341 0.00928289853800187 0.00959939069174599 0.00905219837659455 0.00950003285094776 0.0100190813621437 0.0152132959671962 0.0160838624871886 0.0170782419955127 0.0183783863327882 0.0196731027990077 0.0211454795252594 0.0228175422370873 0.0247132091385876 0.0268580722429398 0.0292790706009188 0.0320040441908998 0.0350611850776509 0.038478396412628 0.0422826093923224 0.0464991057883039 0.0511509031830691 0.0562582550448077 0.0618382875222796
0.0174338177714995 0.0172253647021078 0.0169718410087666 0.0166726286714017 0.0163284418240409 0.0159413964971404 0.0155150002116655 0.0150540530370691 0.0155122435398289 0.0149854574608979 0.0144427447626851 0.0138918278481168 0.0133403360026656 0.0183250146069672 0.0176986539188588 0.0170877488313531 0.0164988329592351 0.0159376803003434 0.0154094235091151 0.0149188029705362 0.0144706157761151 0.0140705423907867 0.0137267706886878 0.0134532140691374 0.0132741493162225 0.0132197516518363 0.00867123694880221 0.00882616948942421 0.00904355149290064 0.00931701718655473 0.0096458417217732 0.0100325411334819 0.00955722679391158 0.0100866561815031 0.0106959109164576 0.0162118229942559 0.0172238797892119 0.0185447222243151 0.0198609387287973 0.0213574137362723 0.0230565890048571 0.0249827664132521 0.0271618637673424 0.0296210463221583 0.0323882330813085 0.0354914914628519 0.0389583336321182 0.0428149732387242 0.0470855978572762 0.0517917142685995 0.056951642353557 0.062580160102535
0.0176482572991836 0.0174567745165044 0.0172175537428387 0.0169296012769231 0.0165933492506636 0.0162107479280255 0.0157852689721943 0.0153218108424764 0.0157929383262118 0.0152571178837386 0.0147027935681878 0.0141381415954727 0.0135712554285348 0.0186401879116351 0.0179916345699511 0.0173574690020625 0.0167444677554534 0.0161585215878748 0.0156047096083413 0.0150874751489007 0.0146109407440317 0.014179500438965 0.0137991460118228 0.0134813150995958 0.0132563670857076 0.0131943512169293 0.00867722714223588 0.00885483460555943 0.00908934150428452 0.00937617030239427 0.00971631828475479 0.010113408718717 0.0105728264908713 0.0101742927923138 0.0107943443237849 0.0163744353508041 0.017570598676076 0.0187467755555745 0.0200851836396672 0.0216066835318523 0.0233341262735552 0.0252921912265501 0.0275071091383651 0.0300062519180625 0.0328175854893706 0.0359690035594838 0.0394875588597527 0.0433986569852608 0.0477252750801631 0.0524872758887762 0.0577008898648267 0.0633783884306736
0.0178711978036116 0.0176986935632143 0.0174757301840363 0.0172008982483725 0.0168743117545529 0.0164977247817072 0.0160745540396514 0.0156097882122938 0.0160966630910625 0.0155527326980247 0.0149875788972736 0.0144098630700579 0.0138281801048506 0.0189952226939763 0.0183257338953692 0.0176696839564764 0.0170341786838791 0.0164253401940308 0.0158483516483551 0.0153075767611664 0.0148067516132194 0.0143492717667299 0.0139386476761306 0.0135794709679709 0.0132820443880722 0.0131996510552561 0.00872546555551697 0.00892381168993041 0.00917086047294862 0.00946723711802697 0.00981587078746796 0.010221285158848 0.0106893892481757 0.0112274245470836 0.0109148205893056 0.0119382589263166 0.0177914959117097 0.0189877050121526 0.0203488465285776 0.0218961823581238 0.023652958378028 0.0256442148720764 0.0278964768955359 0.0304372958267742 0.0332946456148814 0.036496189964066 0.0400684444209805 0.0440359061088014 0.0484202188088726 0.0532394540039419 0.0585075969809156 0.0642342444417268
