R/Data/side_v1_12_9.asc
NCOLS 365 
NROWS 740 
XLLCORNER 0.791666667335165 
YLLCORNER 6.2083333340009 
CELLSIZE 0.00833333332967033 
NODATA_value -9999 
[rows 161 to 183 of 740, columns 312 to 363 of 365]
0.0228514941953061 0.0234740436021961 0.0240484294735359 0.0259933166299628 0.0265241279684044 0.0269797259970803 0.0273516545506861 0.0276316595756789 0.0277701408434824 0.0278347933235374 0.0277863950162939 0.0276185036187344 0.0273254551794496 0.0273903667599184 0.0268163419510996 0.0261035168847256 0.0255931558558654 0.0246187929157205 0.0236289040279209 0.0224219299252574 0.0211382613430043 0.0198043450713344 0.0184475870976168 0.017394213762019 0.0159955878708453 0.0146512639286425 0.0133774055867361 0.0121857168338588 0.0112081030429735 0.0101862831180444 0.00926085948855715 0.00843047223746765 0.00769164997204423 0.0070097051127287 0.00643329125742343 0.00593011117627703 0.00549165962501592 0.00510946751005264 0.00432474941726791 0.00404368494110838 0.00379797342085444 0.00358215275681326 0.00339168365996552 -9999 -9999 -9999 -9999 -9999 -9999 -9999 -9999 -9999
0.0233987050180589 0.0240383319533297 0.024628806604524 0.0266261627431614 0.0271738412580385 0.0276450242494129 0.0280311019855817 0.0283236429680111 0.0284552675251283 0.0285282781182566 0.0284859004928973 0.0283212602575884 0.0280281287907287 0.0281141782885811 0.0275307302140206 0.0268022411732275 0.0259303237212635 0.0249212939504284 0.0242456907567238 0.0229912036632534 0.0216541093994474 0.0202631018226868 0.018847965028093 0.0177526337844305 0.0162953652231765 0.0148965466650791 0.013573107648337 0.0123371535164042 0.0113221499853288 0.0102665647465298 0.00931272594865507 0.00845906255352156 0.00770183367303516 0.00700630464457061 0.00641994099041935 0.00591028670884974 0.00546809795343243 0.00508416439907199 0.00430132382053603 0.00402025696877044 0.00377511998729649 0.00356020258118385 0.00337080470028741 -9999 -9999 -9999 -9999 -9999 -9999 -9999 -9999 -9999
0.0239447259071473 0.0246015697159396 0.0252083147679773 0.0272571065427192 0.0278219236442826 0.0283090489370109 0.0287097373578503 0.0290153991833011 0.0291402805484039 0.029222541738916 0.0291872751009699 0.0290271894586015 0.0287354972096939 0.028844666733356 0.0282536883003131 0.0275113921104523 0.0266181071081877 0.0255790885556382 0.0245238387607053 0.0232190541230039 0.022181025026052 0.0207311302192863 0.0192557155493723 0.0181167710770763 0.0165991853073032 0.0151444457857361 0.0137702287587305 0.0124890066200021 0.0114357483670982 0.0103456951036941 0.00936286605433563 0.00848549057884188 0.00770958768508625 0.00700040349660656 0.00640426136633918 0.00588850704594905 0.00544308159249165 0.00505794179555266 0.00427743065131187 0.0039967862246982 0.00375256855672069 0.00353882288188215 0.00335069876498429 -9999 -9999 -9999 -9999 -9999 -9999 -9999 -9999 -9999
0.0244881139438257 0.0251622605617994 0.0257854029430108 0.0278843475316334 0.0284664945127331 0.028969837341801 0.0293855131840738 0.0297048005742906 0.0298230219709793 0.0299153695417821 0.0298882678624037 0.0297340424798762 0.0294453644165758 0.0295796537141678 0.0289832556435209 0.0282293179159968 0.0273166106332239 0.026248961456293 0.025163423730248 0.0238098268775031 0.022360484836339 0.020849682310692 0.0196703137314664 0.0184861013337548 0.0169066463881337 0.0153946962152441 0.0139686349487385 0.0126412553968358 0.0115489646244504 0.0104237970266057 0.00941142591597971 0.00850989452528277 0.00771502483759361 0.00699209569553948 0.00638635526593709 0.00586492057967222 0.00541682343259391 0.00503107199217975 0.00425337464974698 0.00397359871072551 0.00373064937853147 0.00351833687576232 0.00333167352372373 -9999 -9999 -9999 -9999 -9999 -9999 -9999 -9999 -9999
0.0219673360479953 0.0224563138530165 0.0228943301143907 0.0230171988126154 0.0233227507274668 0.0235666247146352 0.0237459173424958 0.0238580806602788 0.0240538584006729 0.02402778796528 0.023927159773177 0.0237497918418759 0.023493368323727 0.0272097114043617 0.026687220262833 0.0260351377101919 0.0252507218300044 0.0243345733253036 0.0224584520997323 0.0214147746243101 0.0202885565959979 0.0191025918711474 0.0178815347713381 0.0176334661661766 0.0165619280048231 0.015181362202998 0.0138667515219581 0.0126309099255158 0.0115198945373901 0.0104269953560379 0.0094387635815511 0.00855473374086324 0.00777237435548894 0.00705326871864139 0.00645682203701071 0.00594312679497193 0.00550161863372092 0.00512133363601903 0.00462262887457953 0.0043385129050501 0.00409021890423334 0.00387175202358407 0.00367830650916312 -9999 -9999 -9999 -9999 -9999 -9999 -9999 -9999 -9999
0.0223929710707048 0.0228921787268588 0.0233394992331405 0.0234562608688933 0.0237686312178773 0.0240184726931607 0.0242029256254719 0.0243194906948695 0.024526841915627 0.024503918096386 0.0244057138051056 0.0242299730106998 0.0239742103386525 0.027832155932613 0.0273082914941074 0.0266505857528683 0.0258546054575474 0.024919011854737 0.0229700957429216 0.0218923733859285 0.0207251801474913 0.0194937958443476 0.0182254450771898 0.017966357977358 0.0164858838817537 0.0154110112593642 0.0140497739133122 0.0127719222524246 0.0116274056482615 0.0105005928471795 0.00948345702406814 0.00857547217108191 0.00777412611382635 0.00704105567011402 0.00643557442000905 0.00591725689785331 0.00547443642336305 0.00509489819882576 0.00459783459087828 0.0043159399602099 0.00406993745418172 0.00385364979834658 0.00366218858287586 -9999 -9999 -9999 -9999 -9999 -9999 -9999 -9999 -9999
0.0228130951770189 0.0233225518988717 0.0237792180766585 0.0238899651766988 0.0242092479312816 0.024465191965344 0.024654994790884 0.0247762237001686 0.0249954497853084 0.0249761613652481 0.0248810394156638 0.024707796584985 0.0244538201437057 0.0284520601458805 0.0279290029278087 0.0272682454475708 0.0264634182073435 0.0255107218303977 0.0234902762483325 0.0223784197997701 0.0211691764345102 0.0198908968143107 0.0185738280071426 0.0183021941790488 0.0167662910848856 0.0152884158499716 0.0138867472831633 0.0129137269093201 0.0117353890382189 0.0105743418049614 0.00952789654819273 0.00859547643813852 0.00777466433404384 0.00702731682468788 0.00641289867823418 0.00589053231608079 0.00544723846441504 0.0050692712985633 0.00457448016181547 0.00429527259630064 0.00405185773588792 0.00383791117754397 0.00364849696668042 -9999 -9999 -9999 -9999 -9999 -9999 -9999 -9999 -9999
0.023226513539513 0.0237461967333058 0.0242121999350117 0.0243170080314153 0.0246432284564897 0.0249053275082392 0.0251005739707163 0.0252266221811336 0.0254578761626323 0.0254425922560118 0.0253510980366032 0.0251811360804618 0.0249300311023018 0.0290662264851252 0.0285462433582508 0.0278852786206145 0.0270748128560046 0.0261079746241351 0.0240180189951599 0.0228720313404641 0.0216195462815723 0.0202928058782729 0.0189256380290895 0.0186397849057941 0.0170479526318425 0.0155186648324668 0.0140704374639803 0.012716351437163 0.0115134798290724 0.0106490148765254 0.00957296163725571 0.00861561428785907 0.00777473242267664 0.00701261591625289 0.00638925873825131 0.00586349520641202 0.0054207221069289 0.00504525763624137 0.00455339739394369 0.00427731326750214 0.0040367164478634 0.00382519030380567 0.00363779932445829 -9999 -9999 -9999 -9999 -9999 -9999 -9999 -9999 -9999
0.0232552359607682 0.0241618561867564 0.0246371308232384 0.0247360520469853 0.0250691511127942 0.0253373571202808 0.0255380208114376 0.0256689025827374 0.0259121461134184 0.0259010572962304 0.025813554137713 0.0256474850924074 0.025400208427231 0.0296708318262555 0.0291561786304347 0.0284980772737928 0.027685717667346 0.026708469666104 0.0245519827409935 0.0233719314082436 0.0220747911779112 0.0206978956069978 0.0192793287933053 0.0189774912465657 0.0173297179895667 0.0157493531429074 0.014255073971115 0.0128598509131661 0.0116242327634651 0.010405498421994 0.00931078004276541 0.00863718035333676 0.00777544731124651 0.00699777486416581 0.00636528269522829 0.00583688236822467 0.00539584702962142 0.00502394381995875 0.00453567619531216 0.00426307432212203 0.00402540714487562 0.00381625045984758 0.00363073547230158 -9999 -9999 -9999 -9999 -9999 -9999 -9999 -9999 -9999
0.0235267985556721 0.0240567987997625 0.0245317403033148 0.0253713758890859 0.025728617635826 0.0260186306526105 0.0262386342515122 0.026386290793586 0.0264595968263171 0.0264567406898799 0.0263759178658102 0.0262150963169747 0.0259717130541319 0.025642271813932 0.0252218321527849 0.0247033911172219 0.0240773571712432 0.0233318859172781 0.0225783218022024 0.0215703855350245 0.0204524130034856 0.0192563981227433 0.018014619988492 0.0166601991273927 0.0154402719093748 0.0142401526592617 0.0130746683929667 0.0119561352814388 0.0110801536662422 0.0100949146782574 0.00918116965316281 0.00834462746056521 0.00759048288248776 0.00711504380142708 0.00650455032770241 0.00599447230110988 0.00556860949357133 0.00520778043277078 0.00419515892857025 0.0039358572636161 0.00371051790705173 0.00351279622072556 0.00333794584693946 -9999 -9999 -9999 -9999 -9999 -9999 -9999 -9999 -9999
0.0239078384037194 0.0244478969918611 0.0249319635249709 0.0253888991151036 0.0257495671986392 0.0264456992120484 0.026671030146105 0.0268233493253513 0.0269008220625069 0.0269018497196225 0.0268248865949137 0.0266681994885842 0.0264295444928448 0.0261057033819068 0.0256918218585491 0.0251804634497402 0.0245604193939831 0.0238159475829765 0.0230522198119866 0.0220167445807374 0.0208584149762395 0.0196170502216295 0.0183299864924789 0.0169252204622877 0.0156670539526456 0.0144318997081481 0.0132344293739363 0.0120866828723015 0.0111819597203821 0.0101724392539504 0.00923616354491767 0.00837863454971015 0.00760524958096455 0.00683750877692315 0.00622502432069521 0.00597615853605579 0.00555564208631184 0.00520076694755708 0.00418959697417877 0.00393350863330366 0.00371034117446112 0.00351403381259033 0.00334006827318272 -9999 -9999 -9999 -9999 -9999 -9999 -9999 -9999 -9999
0.0242775788110061 0.024827473847629 0.0253204040632125 0.0257887389540971 0.0261563342757606 0.0264552362032808 0.0266827885321522 0.0272463621046909 0.0273273228835279 0.0273314903276693 0.0272576167346283 0.0271043473740192 0.0268699062199843 0.02655162435312 0.0261451875931257 0.0256433785066287 0.0250340024903245 0.0242971081263833 0.0235282621139333 0.0224643289144403 0.0212615695623668 0.0199719533992873 0.0186388166628529 0.0171847892521591 0.015890141629242 0.014622186607715 0.0133951216245573 0.0122205193092815 0.0112892588927178 0.0102573738711345 0.00930002238736394 0.00842214127524038 0.00762869194828544 0.00684079471478785 0.0062152916549118 0.00571257694439975 0.00530360669888038 0.00520335828964069 0.00419330635098082 0.00393954467748917 0.00371757665572106 0.00352177913636391 0.00334790510518802 -9999 -9999 -9999 -9999 -9999 -9999 -9999 -9999 -9999
0.0246348640610381 0.0251943310101593 0.0256958080817732 0.0261752321542193 0.0265492874592665 0.0268535833301154 0.0270855284704823 0.0272431035043877 0.0273247661909689 0.0277430828498624 0.0276709914197374 0.0275196864806876 0.0272879445518537 0.0269738605381435 0.0265741557036871 0.026082858278024 0.0254885126889468 0.0247682247513336 0.0240029770407058 0.0229077977048622 0.0216536108617422 0.0203127317776789 0.0189343009011514 0.0174340733854005 0.0161063925189609 0.0148092605597491 0.0135561352993609 0.0123580305170752 0.011403398932029 0.0103521254113842 0.00937647727723952 0.00848062291322685 0.00766821256900706 0.00685771891198146 0.00621131489712761 0.00571567277891036 0.00531740019559501 0.00497611358772812 0.00420933252939815 0.00395590326678608 0.00373349763021276 0.00353689959550002 0.00336206737601667 -9999 -9999 -9999 -9999 -9999 -9999 -9999 -9999 -9999
0.0249211292014259 0.0254910451609321 0.0260569938196986 0.0265471311458744 0.0269271007759343 0.0272361148563074 0.02747161801645 0.027631665190553 0.0277148338118845 0.0277201123923138 0.0276467622054 0.0279105775375974 0.0276788609924681 0.0273658473555193 0.0269694854389657 0.0264858942372081 0.0259071157370141 0.0252138124812776 0.0244708464613186 0.0233350255752203 0.0220179283616691 0.0206260042896537 0.0192073005538139 0.0176672492047029 0.016312214255875 0.0149910768654441 0.0137165572292086 0.0124992131100452 0.0115252249689976 0.0104585047610598 0.00946872072894793 0.00855970172850121 0.00773441190437255 0.00690911086993267 0.00623659601816555 0.00575131958842371 0.00535555640204987 0.0050127430807867 0.00399684477876923 0.00374088031546574 0.0037590442560233 0.00356001132125438 0.00338297939778481 -9999 -9999 -9999 -9999 -9999 -9999 -9999 -9999 -9999
0.0252878982418205 0.0258826955949113 0.0264172859698992 0.0270496478781234 0.0274572707155065 0.027843334749138 0.0280997056144741 0.0282775476069249 0.0278653293507667 0.0278644662090595 0.0277851268406154 0.0276269904058765 0.0278070129669722 0.0276580304724892 0.0272573323342067 0.0267716271059624 0.0261964535358705 0.0255230162252514 0.0247912997571286 0.0235802118587456 0.0222064574828948 0.0207827492478176 0.0193415250357818 0.0179063650722716 0.0164959990221399 0.0151257933722959 0.0138084868465529 0.0125546038120382 0.011414004817711 0.0102991471785529 0.00927025440218939 0.00833136564235353 0.00748608373059777 0.00675556429449996 0.00612151418761689 0.0056222324801457 0.00521835150105465 0.00487336121021341 0.00468014514000659 0.00440927495716197 0.00416697104111749 0.00394891510521759 0.00399488356928983 0.00408927631046904 0.00392044216241202 0.00376537530059668 0.00362257127690792 0.00349074126184449 -9999 -9999 -9999 -9999
0.0256116163410385 0.0262158879031824 0.0267586604229702 0.0274019721681608 0.0278149709590912 0.028152916530794 0.0284128929425508 0.028592650428275 0.0282061633185246 0.0282022212735574 0.0281182787101131 0.0279540057196914 0.0277090098282693 0.0275528320828841 0.0275590234806522 0.0270590620448938 0.0264648537508037 0.0257603632328381 0.0249560794303688 0.0237817854837856 0.0224217443153349 0.0209943727961988 0.019544338280642 0.0180984885176509 0.0166768266927412 0.0152953666503846 0.0139672464729459 0.0127032899219275 0.0115546688416516 0.0104319102354497 0.00939686342415366 0.00845419834927981 0.00760847364583157 0.00688180794425447 0.00624886957305557 0.00573215219753252 0.00530749763982978 0.00494727288067282 0.00474390561632942 0.00446476831321137 0.00421594567042602 0.00399257444289912 0.00379094818391393 0.00388198104138744 0.00395404812209036 0.00379605419421348 0.0036506699936369 0.00351654867009356 -9999 -9999 -9999 -9999
0.0259185179501399 0.0265319628190123 0.0270825415170923 0.0277361681221271 0.0281539325587726 0.0284948886337195 0.0287560346057308 0.0289350462586414 0.0284756274934196 0.0284682525814783 0.0283787771991882 0.0282513906739428 0.027994659717282 0.0278260944987894 0.0273943136371683 0.0268685938133393 0.0266599958528869 0.0259033633690196 0.0250436814379504 0.0238880175878881 0.0225639367505981 0.0211544548199407 0.0197109545952735 0.0182656050690131 0.0168412114019033 0.0154553240370278 0.0141220120813768 0.0128527274229647 0.0117001575375806 0.0105730596168867 0.00953487273991569 0.00859064249530801 0.00774500301324692 0.00701923689860327 0.0063823000300968 0.0058516653522553 0.0054093189732201 0.00503355344824619 0.00481862344908685 0.00452966577637952 0.00427295700164877 0.00404313029837621 0.00383612366548125 0.0039229984557371 0.00374734716346069 0.00358635147576071 0.0036826633400336 0.00354583860396939 -9999 -9999 -9999 -9999
0.0262077207839594 0.0268300628789983 0.0273881044389008 0.0280514392467552 0.0284734090187614 0.0288166698026806 0.0290781002551261 0.0292552618091632 0.0287706312315211 0.0287567535406965 0.02865833921852 0.0284745866274762 0.0282043488281422 0.0280203747309258 0.027607768171418 0.0270519723056314 0.0263836490390721 0.0255813918864258 0.0251169969782484 0.0239659073155714 0.0226663625220033 0.0212781377364646 0.019848484753632 0.0184110248805294 0.0169904587604537 0.0156057810927438 0.0142720808101071 0.0130015435865512 0.0118484269959738 0.0107197676019652 0.00968045087365252 0.00873562935808453 0.00788958509730648 0.00716265378848054 0.00651984469351059 0.00597690306605519 0.00551911592804106 0.00512862210157669 0.00490191478483324 0.00460242171089332 0.00433699125421677 0.00409990191373623 0.00388678850201759 0.00396890824538832 0.00378884516097926 0.0036240200246716 0.00347266316475881 0.00333328290404839 -9999 -9999 -9999 -9999
0.0264784134552336 0.0271094167120888 0.0276746288177481 0.0283471157118546 0.0287728136641962 0.0291177782995291 0.0293787456595496 0.029553137048054 0.0290431255189535 0.0290214632360949 0.02891258852396 0.0287154157033446 0.0284284097848402 0.0282254023731645 0.027745914700047 0.027161099840849 0.0264594633913482 0.0254028476495048 0.0247501172611766 0.0236524245248314 0.0223667956504989 0.0213786766390991 0.0199649291319459 0.0185392120196598 0.0171267693350447 0.0157474427769751 0.0144170999977396 0.0131485626200359 0.011997585674232 0.0108694722109258 0.00983040727418196 0.00888551373420285 0.00803863555085165 0.00730943241400268 0.00666007018291031 0.00610588698383287 0.00563426395544472 0.00522999962262355 0.00499179989818251 0.00468156970828604 0.00440698870030722 0.00416212497856784 0.00394238664290368 0.00401929693781168 0.00383438052235444 0.00366533026247747 0.0035102713885657 0.0033676280126973 -9999 -9999 -9999 -9999
0.0269383065528601 0.0275883491018464 0.0281697631616733 0.0286766041627672 0.0291037717068321 0.0294470050392315 0.0298542399910908 0.0300256003528999 0.0299802944696065 0.0299609892632143 0.0298464179024103 0.0296349091743278 0.0293242973841185 0.0288764384740697 0.0283655559038129 0.0277409614934828 0.0267739951831173 0.0258850749964115 0.0248463441948429 0.0236591915367839 0.02266460641599 0.0212702362021073 0.0198323304905785 0.0181495264954639 0.0167718119175749 0.0154258042641499 0.0141273357561402 0.0128891526814609 0.0120997457370886 0.0109861320464137 0.0099588377581578 0.0090229938495813 0.00818217066602704 0.00743811216095328 0.0067896687005187 0.00623101195915451 0.00575135135811625 0.00533773960391898 0.00497820123339685 0.00466294535159935 0.00438429226264865 0.0041362516625635 0.00391411269471419 -9999 -9999 -9999 -9999 -9999 -9999 -9999 -9999 -9999
0.0271817189540283 0.0278406201260731 0.028429248452659 0.0289414327174201 0.0293718664734456 0.0297161030938079 0.0299705033331945 0.0301321358954328 0.0300698635842961 0.0300361736961171 0.0299046734807098 0.0296735338727616 0.0293404652776843 0.0288640519702641 0.0283255622207582 0.0276715807995518 0.0268936532625737 0.0259821517012012 0.0249032068054693 0.0239895168398889 0.0226899745375311 0.0213122003073503 0.0198912725679054 0.01825339365393 0.0168875774599877 0.0155511657846328 0.0142601690416475 0.0130276085744119 0.01191085206152 0.0108121122430112 0.00979854988432686 0.00887478930445853 0.00804370024354738 0.00730611227237857 0.00665999999313485 0.00636298169472098 0.00587192084785572 0.00544643150568599 0.00507554704683324 0.00474994449504453 0.00446208000750546 0.00420593550817582 0.00397670288910293 -9999 -9999 -9999 -9999 -9999 -9999 -9999 -9999 -9999
0.0274042049839545 0.0280718938784881 0.0286676533700274 0.0291850741142682 0.0296186364631682 0.0299637044637611 0.0302164733903109 0.0303738709266564 0.0302998747819888 0.0302564563762825 0.0301123786490714 0.0298657813060912 0.0295144262848482 0.0290139472473287 0.0284527446869703 0.0277749951109764 0.0269742113471294 0.0260440717129847 0.0249821979069513 0.0237962687604443 0.0227506278946436 0.0213865810315407 0.0199804322546873 0.0183123911685513 0.0169608437348655 0.0156368248693533 0.0143883957551245 0.0131626891905289 0.012052761839546 0.0109575130593544 0.00994593661686851 0.00902258416741007 0.00819007349690553 0.00744880772822972 0.00679638377965585 0.0062270389721606 0.00573199810187338 0.00530100846371467 0.00492407719630861 0.00459246495643219 0.00429892377771946 0.00403756255746864 0.00404249881375913 -9999 -9999 -9999 -9999 -9999 -9999 -9999 -9999 -9999
0.0276051359170799 0.0282816071534963 0.028884497779548 0.029407151334663 0.0298438309201988 0.0301897110655032 0.0304408293203725 0.0305939855854839 0.0305085840320188 0.0304555689171433 0.0302991909113448 0.0300376476137298 0.0296688642265745 0.0291457874380938 0.0285638354420486 0.0278649879315023 0.0270446351802951 0.0260992344326849 0.0250295005224971 0.0238446482713248 0.0225642798520502 0.0212153281134024 0.0200629898748187 0.0184023257334442 0.0170635730352553 0.0157507580203503 0.0144796746064602 0.0132634078409322 0.012162772613752 0.0111008696614205 0.0100918396491473 0.00916926930518734 0.00833556309478057 0.00759082802581104 0.00693247396652733 0.00635496767626666 0.00585027171161314 0.00540906064258438 0.00502208429626555 0.00468104106267305 0.00437887861469635 0.00410975500056875 0.00386887006103874 -9999 -9999 -9999 -9999 -9999 -9999 -9999 -9999 -9999
