R/Data/side_v1_12_3.asc
NCOLS 365 
NROWS 740 
XLLCORNER 0.791666667335165 
YLLCORNER 6.2083333340009 
CELLSIZE 0.00833333332967033 
NODATA_value -9999 
[rows 713 to 735 of 740, columns 104 to 155 of 365]
-9999 -9999 -9999 -9999 -9999 -9999 -9999 -9999 -9999 -9999 -9999 0.00676898314146529 0.00669293349780052 0.00661188013610195 0.0065302836652423 0.00644951279640999 0.00637153629694797 0.00629830824044124 0.00623183004251127 0.00617345011142728 0.00612745254714274 0.00609606215769326 0.00608330173320503 0.00609299510524337 0.00613006377899375 0.00619952292378154 0.00630482657409204 0.00644668407876614 0.00663173346976659 0.00684921691654268 0.00709472271450941 0.00737021309882017 0.00767109366535106 0.00799019317492809 0.00833038018418238 0.00865459938991935 0.00896517075441366 0.00921556316739097 0.00941235170560908 0.00954354471816307 0.0096268580615884 0.00962520570014537 0.0095706867659104 0.00945926101151167 0.00930440050996516 0.00907804897768349 0.00883640640024448 0.00853336318199971 0.00821224160868151 0.00788412951253565 0.00755725901725434 0.00723743210824781
-9999 -9999 -9999 -9999 -9999 -9999 -9999 -9999 -9999 -9999 -9999 0.00687271565816181 0.00679668887097655 0.00671842282594488 0.0066391153000639 0.00656062994422445 0.00648480946880461 0.00641348309958702 0.00634855418002235 0.00629216773526594 0.00624608433164201 0.00621517764242676 0.00620278126541922 0.00621249094337331 0.00624987873238649 0.00632101508090476 0.00643529103848218 0.00658270521938496 0.00677253661099681 0.00699157493590813 0.00724354939389583 0.00753414512900322 0.00784314848139846 0.00817033925968213 0.00850548557780199 0.00883623697745752 0.00916387271447689 0.00941891602611966 0.00961959846797961 0.00975401583801845 0.0098399243212932 0.00983679571676174 0.00977324115915705 0.00964946771596096 0.00948261492399084 0.00924421345744417 0.00899160093924849 0.00867873267377136 0.00834950748767611 0.00801491841719918 0.00768252776148206 0.00735730767051252
-9999 -9999 -9999 -9999 -9999 -9999 -9999 -9999 -9999 -9999 -9999 -9999 -9999 -9999 -9999 -9999 0.00660041774597717 0.00653125548625989 0.00646817302566265 0.00641326555469707 0.00636913768321801 0.00633859721857077 0.00632645416785738 0.00634045171212398 0.00637836572485486 0.00645205272060054 0.00656570026483963 0.00672411580583842 0.00692025844549546 0.00714631490872579 0.00740563641817767 0.00769568239969496 0.00801151892452344 0.00834526384163148 0.0086864811233542 0.00902203094755528 0.00933710669939142 0.00961266135972394 0.00983327380713344 0.00998624155699279 0.0100886588875619 0.0100975271583252 0.0100400969819124 0.0099176255563206 0.00974916161292923 0.00950553377609808 0.00924597421219668 0.00892513884075838 0.00858900266643036 0.00824936903070517 0.00791258422946239 0.0074841393547456
-9999 -9999 -9999 -9999 -9999 -9999 -9999 -9999 -9999 -9999 -9999 -9999 -9999 -9999 -9999 -9999 0.0067183391621521 0.00665163286450402 0.00659072882623289 0.00653765348784658 0.00649540221134419 0.00646672675025251 0.00645876512347059 0.00646963789212948 0.00650808250135262 0.00658638147717477 0.00670521262792045 0.00687141403421183 0.00706856412457054 0.00730081601927272 0.00756637798482597 0.00786290217413322 0.00818531884521703 0.00852532329644046 0.00887231381095108 0.00921313354344667 0.0095321843332082 0.00981351724751484 0.0100385143739459 0.0101955079852129 0.01029704088948 0.0103049051471257 0.0102414575301231 0.0101095216527179 0.00993571202937503 0.00968154993436182 0.0093830096736131 0.00908206926674154 0.00873892955285167 0.00839477465676529 0.0080544492156896 0.00761844548499819
-9999 -9999 -9999 -9999 -9999 -9999 -9999 -9999 -9999 -9999 -9999 -9999 -9999 -9999 -9999 -9999 0.00683851944591487 0.00677458429681608 0.00671622037936752 0.00666676649964451 0.00662633294257369 0.00660265005050575 0.00659326228585642 0.00660774779843703 0.00664764849785741 0.00672462809064364 0.00685599552268202 0.0070208886169327 0.00722380008776086 0.00746182044477081 0.00773317641172321 0.00803566891412223 0.0083643294820553 0.00871018245780867 0.00906251074343514 0.00940819223507241 0.00973172599890131 0.0100162616025687 0.0102467601842352 0.0104074058668128 0.0105118560322681 0.0105189198763941 0.0104505171073393 0.0103300113189407 0.0101236350831976 0.00986242236118122 0.00957303145348849 0.00923558390790446 0.00889364898165199 0.00854580609474558 0.00820316279579335 0.00776068336349026
-9999 -9999 -9999 -9999 -9999 -9999 -9999 -9999 -9999 -9999 -9999 -9999 -9999 -9999 -9999 -9999 0.00696086668559288 0.00690003433180397 0.00684459486979865 0.00680111507763806 0.00676318648525209 0.00673878343650579 0.0067318866239301 0.00674916264480629 0.00679212633011113 0.00687275830813037 0.00700869827002156 0.00717859658463585 0.00738627333334892 0.00762949455816666 0.00790627315063381 0.00821412497084359 0.00854848472360827 0.00889950371324073 0.00925655090132485 0.00960653479317938 0.00993403667712217 0.010222318155007 0.0104551484232628 0.0106407796705321 0.0107274109079027 0.0107335897917781 0.0106608961329735 0.0105325119291277 0.010317311677749 0.0100445259130123 0.00974778972504855 0.00940148702810844 0.00904543699253562 0.00870235355371606 0.00835911075764873 0.00791113193166563
-9999 -9999 -9999 -9999 -9999 -9999 -9999 -9999 -9999 -9999 -9999 -9999 -9999 -9999 -9999 -9999 0.00708524600241572 0.0070278523007326 0.00698050643419797 0.00693563414416789 0.0069006019705976 0.00687922969615582 0.0068756882086907 0.00689815767401274 0.00694603607814279 0.00703791955053858 0.00716986881193062 0.00734359414498915 0.00755558682379059 0.00780361371286564 0.00808564229763774 0.00839885762008233 0.00873752919960574 0.00909279357304668 0.00945381279727239 0.00980742454063826 0.0101382564980355 0.0104296591881521 0.0106654069961247 0.0108524390150062 0.0109425122678117 0.010947757044121 0.0108897478590845 0.010736216059112 0.0105133490708633 0.0102323188571214 0.00992688882205978 0.00957224085047078 0.00920881268191481 0.00885740974899177 0.00852256752579171 0.00807931032212942
-9999 -9999 -9999 -9999 -9999 -9999 -9999 -9999 -9999 -9999 -9999 -9999 -9999 -9999 -9999 -9999 0.00721575228721768 0.00716262313314108 0.00711457614191609 0.00707312939558542 0.0070414734092758 0.0070237827492705 0.00702441567752988 0.00704827114687159 0.00711159805040143 0.00720321752832351 0.00733833615764728 0.00751533492075261 0.00773118023419141 0.00798356403741491 0.00827024600288113 0.00858788734254737 0.00893045997620585 0.00928928923026511 0.0096535503846746 0.0100100641848952 0.0103435080071018 0.0106373167964762 0.0108957950232502 0.0110646362019038 0.011153703606859 0.0111604115216154 0.0110987732627249 0.0109400867987778 0.0107108062146717 0.0104228121896322 0.0101100445286361 0.00974818146199639 0.00937751019155282 0.00902419468005092 0.00868684336991757 0.00834408724361116
-9999 -9999 -9999 -9999 -9999 -9999 -9999 -9999 -9999 -9999 -9999 -9999 -9999 -9999 -9999 -9999 0.00734414050878308 0.00729484487593979 0.00725095972330733 0.00721328478425795 0.00718548429295223 0.00717210981437057 0.00717763077957179 0.00720704059347709 0.00727704417927772 0.0073740941422557 0.00751284108875175 0.00769301635304908 0.00791236186666893 0.0081686084597295 0.00845926502328608 0.00878059165588964 0.00912643919158889 0.00948818037076346 0.00985496839498668 0.0102136342521441 0.0105489254017398 0.0108443736852309 0.011104912319604 0.011274842550655 0.0113642492220445 0.0113681013563501 0.0113060380207568 0.0111432351944272 0.0109088370284295 0.010618227222942 0.0102875337210171 0.00992956058753123 0.00955365815081027 0.00919780646305158 0.00885977029972549 0.00851038498819371
-9999 -9999 -9999 -9999 -9999 -9999 -9999 -9999 -9999 -9999 -9999 -9999 -9999 -9999 -9999 -9999 0.00747371381781085 0.00742859433741995 0.00738926153889966 0.00735565066308343 0.00733223873792886 0.00732379535151732 0.00733479582512358 0.00737741547317734 0.00744706471532896 0.00754957650826911 0.00769230744254662 0.00787574834876695 0.00809835657731494 0.00835800441100577 0.00865200831710443 0.0089763451790608 0.00932478868925607 0.00968873130136119 0.0100573002406141 0.0104173416974041 0.0107536874829778 0.0110499868466124 0.01131185499391 0.0114822465641937 0.0115716279817318 0.0115746036514941 0.0115108251962436 0.0113481176433468 0.0111099205152384 0.0108195348956443 0.0104773534542096 0.0101081030635001 0.0097379287267709 0.00937828770268612 0.00903227360530996 0.00866961904536557
-9999 -9999 -9999 -9999 -9999 -9999 -9999 -9999 -9999 -9999 -9999 -9999 -9999 -9999 -9999 -9999 0.00760443197156308 0.00756344448138491 0.00752866086849643 0.00749966603816134 0.00748132404595271 0.00747839568265957 0.00750260116313797 0.00754463976971383 0.00761684056542433 0.00772886429254955 0.00787582500495405 0.00806265475948063 0.00828836398350609 0.00855100923814457 0.00884779382029119 0.00917450516181591 0.00952485859275037 0.00989026088201161 0.0102598326760823 0.0106204494942003 0.0109570423106243 0.0112749230067259 0.0115158913633539 0.011686167812326 0.0117752212041272 0.0117774190723175 0.0116925549829126 0.0115480523891676 0.0113073360471189 0.0110142123352512 0.0106696460226534 0.0102986178504293 0.0099207083658876 0.0095558687168061 0.00920420945462938 0.00883988314780716
-9999 -9999 -9999 -9999 -9999 -9999 -9999 -9999 -9999 -9999 -9999 -9999 -9999 -9999 -9999 -9999 0.00773613801109323 0.00769917556580221 0.00766858673245242 0.00764500725324854 0.0076324055263221 0.00763548862201233 0.00766637049069864 0.00771491829664157 0.00779340085163388 0.00791125542018206 0.00806259960321449 0.00825291139920777 0.00848159459165745 0.00874688529576693 0.00904593804515136 0.00937442069648733 0.00972600743704833 0.0100921225058772 0.0104619055687347 0.0108222867763816 0.0111583203290976 0.0114761713177462 0.0117164084989773 0.0118860550636892 0.0119745425672695 0.0119761064826714 0.0118904099835379 0.0117455103581476 0.0115035718443713 0.011209236206515 0.0108638034740108 0.0104922741130836 0.0101132436293598 0.00974176140159226 0.00937508783576806 0.00901412521952552
-9999 -9999 -9999 -9999 -9999 -9999 -9999 -9999 -9999 -9999 -9999 -9999 -9999 -9999 -9999 -9999 0.00786876599670855 0.00783587537306851 0.00780975730126671 0.00779174136803201 0.00778525583416178 0.0078023710082398 0.00783252654156223 0.00788766874865571 0.00797240744403773 0.00809611336130053 0.00825191817399006 0.00844575499053698 0.00867728952850769 0.00894490942362843 0.00924576034626507 0.00957544190742629 0.00992760423990683 0.0102936973828001 0.0106629074459994 0.0110222513608927 0.0113787660717357 0.0116740319137741 0.0119129086787404 0.0120814781330434 0.0121692270576393 0.0121703433068255 0.012084399933598 0.0119401489683259 0.0116982371071422 0.0114041163687291 0.0110591439403819 0.0106879925798252 0.0103077680716227 0.00993064009226659 0.00955673796567393 0.00919370116445189
-9999 -9999 -9999 -9999 -9999 -9999 -9999 -9999 -9999 -9999 -9999 -9999 -9999 -9999 -9999 -9999 0.00800227630821965 0.00797361705950909 0.00795224852843456 0.007939892424919 0.00794744387657821 0.00796375845655098 0.00800061162459609 0.00806236569707805 0.00815472707263485 0.00827895216782836 0.00844312806961969 0.00864047821382685 0.00887472896135464 0.00914438208901066 0.00944659417194557 0.00977693103453976 0.010129036192626 0.0104943978467763 0.0108622753080074 0.0112198077576655 0.0115749509040678 0.0118680510210034 0.0121050014761701 0.012272116222434 0.0123590149866027 0.0123599065347121 0.0122743015899967 0.0121190895088694 0.0118909802388306 0.0115983670628083 0.0112549964608041 0.0108849550613145 0.0105039327986348 0.0101226978845878 0.00974377366712446 0.00937920500413279
-9999 -9999 -9999 -9999 -9999 -9999 -9999 -9999 -9999 -9999 -9999 -9999 -9999 -9999 -9999 -9999 0.00813660710679517 0.00811237204153187 0.00809597576993166 0.00808936067943962 0.00810365026685754 0.00812661941688812 0.00817138314766096 0.00823995529364437 0.00833729967099654 0.00846690254118879 0.00863130205903948 0.00883642481908723 0.00907323505112868 0.00934463336634049 0.00964779369970465 0.00997826959196001 0.0103297144172044 0.0106936692688032 0.0110594929685331 0.0114188311531991 0.0117494718990509 0.0120578645379688 0.0122923921226451 0.0124577429749705 0.0125437353548426 0.0125446508755457 0.0124599576750267 0.012306768069836 0.0120697081395695 0.0117915326637453 0.0114507820068627 0.0110826163767497 0.0107015964028829 0.0103179187447969 0.00993592375977132 0.00957073145686198
-9999 -9999 -9999 -9999 -9999 -9999 -9999 -9999 -9999 -9999 -9999 -9999 -9999 -9999 -9999 -9999 0.00827165935958258 0.00825203307910388 0.008240780150473 0.00824823203021462 0.00826101180413 0.00829183299028408 0.00834233547057616 0.00841741375639202 0.00852078033967133 0.00865564897406615 0.00882437426671535 0.00902817316063428 0.00927217203666239 0.0095450288269583 0.0098487423986546 0.010178867384668 0.0105290816952962 0.0108909956201296 0.0112581997337891 0.0116107989819799 0.0119380159562308 0.0122431891265937 0.0124748678340097 0.0126382117375905 0.0127232885368053 0.0127244928364859 0.012653768632674 0.0124909142131073 0.0122571082059123 0.0119832134687652 0.0116460356253821 0.0112806006983865 0.0109006276634182 0.0105161446387161 0.0101328297090175 0.00977058089881844
-9999 -9999 -9999 -9999 -9999 -9999 -9999 -9999 -9999 -9999 -9999 -9999 -9999 -9999 -9999 -9999 0.00840729565424588 0.00839243935433491 0.00839483498892827 0.00840014571629527 0.00842048883807766 0.00845690698747489 0.00851402368715258 0.00859547740710916 0.00870471546395024 0.00884470357762534 0.00901761946098835 0.0092246004485506 0.00946558682414739 0.00974497060752164 0.0100488563052798 0.010378166735113 0.0107266158938218 0.0110897779765252 0.0114503227518239 0.0117991114743409 0.0121223331303188 0.0124054057795531 0.012652284898693 0.0128134389893586 0.0128976303876827 0.0128993950741628 0.012831018816361 0.012671384725742 0.0124417160439762 0.0121541950955632 0.0118403850172073 0.011478613385116 0.0111008490861084 0.0107171201156108 0.0103340793563699 0.00997327800499537
-9999 -9999 -9999 -9999 -9999 -9999 -9999 -9999 -9999 -9999 -9999 0.00867657047492192 0.00864357494952056 0.0086123901773495 0.0085843538270501 0.00856085501311953 0.00854334757936697 0.00853589196775443 0.00854152572240688 0.00855396986760021 0.00857956687242945 0.00862248496707028 0.00868607938647822 0.00877374362338379 0.00888867375593557 0.00903360435417005 0.00921053960415499 0.00942051794581388 0.00966344237228175 0.00993794069611223 0.0102475893545528 -9999 -9999 -9999 -9999 -9999 -9999 -9999 -9999 -9999 -9999 -9999 -9999 -9999 -9999 -9999 -9999 -9999 -9999 -9999 -9999 -9999
-9999 -9999 -9999 -9999 -9999 -9999 -9999 -9999 -9999 -9999 -9999 0.00879261327256132 0.00876309085484832 0.00873566018248296 0.00871165856657663 0.00869248514174071 0.00868216399876921 0.00867744207468621 0.00868988046889613 0.00870714021091581 0.00873895005459332 0.00878823780620638 0.00885814357030817 0.00895182630927314 0.00907224389688212 0.00922191315617716 0.00940266521722877 0.00961542777123885 0.00986004368159966 0.0101351137317132 0.0104378328272193 -9999 -9999 -9999 -9999 -9999 -9999 -9999 -9999 -9999 -9999 -9999 -9999 -9999 -9999 -9999 -9999 -9999 -9999 -9999 -9999 -9999
-9999 -9999 -9999 -9999 -9999 -9999 -9999 -9999 -9999 -9999 -9999 0.00890806518145027 0.00888215109075129 0.00885860118382773 0.00883875438784682 0.00882659820288696 0.00881870020318971 0.00882651118223978 0.00883729425527405 0.00886040672384706 0.00889833042154608 0.0089538365564442 0.0090298653335791 0.00912935343768162 0.00925503334322395 0.00940921365678725 0.00959355579629781 0.00980886582691459 0.0100549121090665 0.0103302542901899 0.0106320742814267 -9999 -9999 -9999 -9999 -9999 -9999 -9999 -9999 -9999 -9999 -9999 -9999 -9999 -9999 -9999 -9999 -9999 -9999 -9999 -9999 -9999
-9999 -9999 -9999 -9999 -9999 -9999 -9999 -9999 -9999 -9999 -9999 0.00902273664781284 0.00900056743955269 0.00898342648619867 0.00896804522985492 0.00895806976882121 0.00896246898242533 0.00896826736082461 0.00898456228656448 0.00901347407058064 0.00905739621547422 0.00911895435831732 0.00920090151681996 0.00930596541535635 0.00943666532006114 0.00959511102131414 0.00978279601097798 0.0100003999050345 0.0102476043791558 0.0105229196967439 0.0108235104335571 -9999 -9999 -9999 -9999 -9999 -9999 -9999 -9999 -9999 -9999 -9999 -9999 -9999 -9999 -9999 -9999 -9999 -9999 -9999 -9999 -9999
-9999 -9999 -9999 -9999 -9999 -9999 -9999 -9999 -9999 -9999 -9999 0.00913643789289194 0.00912056197528994 0.00910533954374798 0.00909435091961216 0.00908902654779207 0.00909858707577462 0.00910961222156772 0.00913140536014181 0.00916604545879269 0.00921583707123081 0.00928326838380286 0.0093709174434494 0.00948131530272251 0.00961677996194354 0.00977923082248585 0.00996999702907452 0.010189627877873 0.0104377130384625 0.0107127059786739 0.0110117531879783 -9999 -9999 -9999 -9999 -9999 -9999 -9999 -9999 -9999 -9999 -9999 -9999 -9999 -9999 -9999 -9999 -9999 -9999 -9999 -9999 -9999
0.00945358685781372 -9999 -9999 -9999 -9999 -9999 -9999 -9999 -9999 -9999 -9999 -9999 -9999 -9999 -9999 -9999 -9999 -9999 -9999 -9999 -9999 -9999 -9999 -9999 -9999 -9999 -9999 -9999 -9999 -9999 -9999 -9999 -9999 -9999 -9999 -9999 -9999 -9999 -9999 -9999 -9999 -9999 -9999 -9999 -9999 -9999 -9999 -9999 -9999 -9999 -9999 -9999
