R/Data/side_v1_12_6.asc
NCOLS 365 
NROWS 740 
XLLCORNER 0.791666667335165 
YLLCORNER 6.2083333340009 
CELLSIZE 0.00833333332967033 
NODATA_value -9999 
[rows 322 to 344 of 740, columns 52 to 103 of 365]
-9999 -9999 -9999 -9999 -9999 -9999 -9999 -9999 -9999 -9999 -9999 -9999 -9999 -9999 -9999 -9999 -9999 -9999 0.00778491796986829 0.00787256437579438 0.00796347978682022 0.00805653429987863 0.00815059638926102 0.00824458083635623 0.00833749736784535 0.0084284989398059 0.00851692876056796 0.00860236534601337 0.00868466427858899 0.00876399494111318 0.00884087029166167 0.00891616701376363 0.0093075189103088 0.00938704708519471 0.00946984298568362 0.00955826624316707 0.00965505454319528 0.00976342771601274 0.00988736723832268 0.0100322931066463 0.0102068679199561 0.0104317058427321 0.0109713600990682 0.0118919777665998 0.0130168335325067 0.014400867988673 0.0161121500485876 0.0182023230741854 0.0206573372214779 0.0233190620785661 0.0257903623846324 0.0274245991245779
-9999 -9999 -9999 -9999 -9999 -9999 -9999 -9999 -9999 -9999 -9999 -9999 -9999 -9999 -9999 -9999 -9999 -9999 0.00762872630937273 0.00772289644638911 0.00782115488827264 0.00792230228843868 0.00802512710939087 0.00812845848352241 0.00823121862945232 0.00833247409685239 0.00843148388471088 0.00852774383879834 0.00862102575903029 0.00871140951827685 0.00879930687843252 0.00920171484642975 0.00929055421275821 0.00938017827646717 0.00947240353028321 0.00956939855204716 0.00967374917974307 0.00978864982819051 0.00991839366314796 0.010069685935326 0.010256085013769 0.0105224942642727 0.0110599974306516 0.0119303878706401 0.0130312116628244 0.0143915116284362 0.0160701674691311 0.018110730211095 0.0204897114191741 0.0230416887862439 0.025382356077085 0.0269295388894405
-9999 -9999 -9999 -9999 -9999 -9999 -9999 -9999 -9999 -9999 -9999 -9999 -9999 -9999 -9999 -9999 -9999 -9999 0.00747205963936144 0.00757281496063286 0.00767857748209916 0.00778807197886338 0.00789999775391705 0.00801308722378535 0.00812616324032268 0.00823819437687239 0.0083483456437116 0.00845602430552814 0.00856091897054646 0.00866303115063533 0.00907869297701418 0.00917999877807034 0.00928052231795408 0.00938171546122305 0.00948543538430663 0.00959402608465541 0.00971051814833315 0.00983909521963469 0.00998618997602128 0.0101632089455514 0.0103937993768017 0.0107315114315375 0.0112699312161266 0.0120620325800409 0.0131026078366775 0.0144128534447595 0.0160375427583145 0.0180081919002454 0.0202901166382077 0.0227119664079304 0.0249053038271179 0.0263430859727252
-9999 -9999 -9999 -9999 -9999 -9999 -9999 -9999 -9999 -9999 -9999 -9999 -9999 -9999 -9999 -9999 -9999 -9999 0.00731454003647072 0.00742186875436921 0.00753522886926953 0.00765326266626841 0.00777457115305419 0.00789777931757725 0.00802159956073439 0.00814489215695364 0.00826672017703287 0.00838639845746236 0.00850353521285688 0.00893359662636603 0.00904937114402852 0.00916338748764964 0.00927674122573197 0.00939097008742812 0.00950813059547397 0.00963095827587038 0.00976319897683886 0.00991028432076745 0.0100807028522093 0.0102887399568298 0.0105595030544434 0.0109354059607132 0.0114741528668993 0.0122225278663334 0.0132071960239234 0.0144598175747725 0.0160197923057792 0.0179083227002699 0.020079975959864 0.0223595186166635 0.0243972198563932 0.0257179467340144
-9999 -9999 -9999 -9999 -9999 -9999 -9999 -9999 -9999 -9999 -9999 -9999 -9999 -9999 -9999 -9999 -9999 -9999 0.0071559260478896 0.00726975252242259 0.0073907448973634 0.00751745548005426 0.00764837703613877 0.00778201598342274 0.00791696323283249 0.00805196078670489 0.00818596231044074 0.00831818645701275 0.00844816275333801 0.00889428842361025 0.00902343437745651 0.00915103329102708 0.00927824351902407 0.00940674440540912 0.00953885018212397 0.00967772207760214 0.00982775932243785 0.00999530446702947 0.0101898719284548 0.0104261453719787 0.0107267732932211 0.011125016881238 0.0116635510938471 0.0123847048390119 0.0133252890931884 0.0145235628356184 0.0160167118562988 0.0178179215362841 0.0198727646605433 0.0220049223304694 0.0237722622993254 0.0248376527517376
-9999 -9999 -9999 -9999 -9999 -9999 -9999 -9999 -9999 -9999 -9999 -9999 -9999 -9999 -9999 -9999 -9999 -9999 0.00699612857058697 0.00711632651420163 0.00724493943762854 0.00738041989731164 0.00752114060398176 0.00766547712452202 0.00781188711747124 0.00795898419171932 0.00810560476374575 0.00825086659713419 0.00871177278766436 0.00885694660574873 0.00900013107218802 0.00914204685677729 0.00928392651416383 0.00942759364732151 0.00957559510998324 0.00973142686283628 0.00989991242990654 0.0100878172277633 0.0103047943716135 0.0105647316957889 0.0108874552597772 0.0113004109251091 0.0118386971833635 0.0125412109551545 0.0134474405768696 0.0145977182697689 0.0160265419603918 0.0177401104836471 0.0198092296873711 0.0216703366652637 0.0232685561392574 0.0242282392434781
-9999 -9999 -9999 -9999 -9999 -9999 -9999 -9999 -9999 -9999 -9999 -9999 -9999 -9999 -9999 -9999 -9999 -9999 0.00683522484477576 0.00696163590078386 0.00709782883750575 0.00724214264405398 0.00739281494939891 0.00754807605525463 0.00770623756526574 0.00786577436953842 0.00802539754363428 0.0101978137500777 0.00866159847476802 0.00882106439907227 0.00897882651395602 0.00913562021972811 0.00929273816337341 0.00945211486352123 0.00961645921828504 0.00978946543710426 0.00997614120362337 0.0101833010358027 0.0104202754082227 0.010699882293904 0.0110397004164969 0.0114635170361638 0.0120020102081923 0.0126912664627448 0.0135704627776399 0.0151047742512128 0.0163792001256685 0.0179037539400156 0.0196124041006479 0.0213359903007873 0.0227943749372921 0.0236564490272796
-9999 -9999 -9999 -9999 -9999 -9999 -9999 -9999 -9999 -9999 -9999 -9999 -9999 -9999 -9999 -9999 -9999 -9999 0.00667346987055787 0.00680592913056359 0.00694965714130429 0.00710285866635143 0.00726361624039856 0.00742999763374342 0.00760015483184515 0.00974063228753312 0.00993326447890391 0.010124514846514 0.00861220152130996 0.00878635653512024 0.00895909510274016 0.00913115094207798 0.00930384826965687 0.00947918351843624 0.00965994675047942 0.00984990477863109 0.0100540730510318 0.0102791095111785 0.0105338745516508 0.0108302219011903 0.0111841035169941 0.0116169219052285 0.0121564666611104 0.0133901836311885 0.0141751816503238 0.0151655985275692 0.0163875036801164 0.0178345596615618 0.0194364537061723 0.0210297970617548 0.0223582804792756 0.0231315750572365
-9999 -9999 -9999 -9999 -9999 -9999 -9999 -9999 -9999 -9999 -9999 -9999 -9999 -9999 -9999 -9999 -9999 -9999 0.0065113052731489 0.00664967600013886 0.00680092240197852 0.00696308402922339 0.00713406118543577 0.00922595103637555 0.00943074464375439 0.00963775168111203 0.00984517519263486 0.0100516006209946 0.00856370537885207 0.00875282675141759 0.00894080291101803 0.00912834521111416 0.00931677695473253 0.00950810766863986 0.00970513902253466 0.00991161999203818 0.0101324727190038 0.0103741211506326 0.0106449709042952 0.0109561178385138 0.0120159883744314 0.0124087394715584 0.0128948578868697 0.0135050566642579 0.0142739529003062 0.0152349593673705 0.0164088288861775 0.0177830353896203 0.0192842391040895 0.0207560951923112 0.0219654620489211 0.0226586771207842
-9999 -9999 -9999 -9999 -9999 -9999 -9999 -9999 -9999 -9999 -9999 -9999 -9999 -9999 -9999 -9999 -9999 -9999 0.00634936756071279 0.00649358748356298 0.00665240676553306 0.00682365280275296 0.00888188775133271 0.009095335046339 0.0093139795750566 0.00953551272329634 0.0097579690377202 0.00997979503817452 0.0101999038687345 0.00872082297773671 0.00892417120809915 0.00912729058204336 0.00933147439753758 0.00953870558653261 0.00975174807812252 0.00997427983979498 0.0102110881687239 0.0112521944745027 0.0115048159214222 0.0117917236068688 0.0121262650528029 0.0125263510109564 0.0130153899286188 0.0136221553032678 0.0143786255087507 0.015314272602117 0.0164443557860474 0.01775066888914 0.0191579535127199 0.0205177107159099 0.0216187863540964 0.0222400292305848
-9999 -9999 -9999 -9999 -9999 -9999 -9999 -9999 -9999 -9999 -9999 -9999 -9999 -9999 -9999 -9999 -9999 -9999 0.00618849844730819 0.00633864193305336 0.00831561935855902 0.00852167102015531 0.00873955607957473 0.00896626847289912 0.00919900018437322 0.00943524618440524 0.00967288246071989 0.00991022657396498 0.0101460858159329 0.00869107455073389 0.00890981647459108 0.00912849684181872 0.0093483573099978 0.00957132690982196 0.0098001027268212 0.010860192998821 0.0110858943896253 0.0113278503557269 0.0115933843163364 0.0118921456913023 0.0122370091938479 0.0126451158932474 0.013138625402144 0.0137443994477356 0.0144915510357397 0.0154053453681739 0.0164955970836118 0.0177390165027518 0.0190593851031667 0.0203164701423563 0.021319600416555 0.0218761680411703
-9999 -9999 -9999 -9999 -9999 -9999 -9999 -9999 -9999 -9999 -9999 -9999 -9999 -9999 -9999 -9999 -9999 -9999 0.00602976567494021 0.00795170447366253 0.00815252796436494 0.00836992067661613 0.00860041245632518 0.00884068063217003 0.00908768183986944 0.00933873662273541 0.00959158775593676 0.00984444586523862 0.0100960280307444 0.00866470916586917 0.00889876672261278 0.00913290902946507 0.0102382470436486 0.0104588894192322 0.0106822360523776 0.0109115649231481 0.0111511447607385 0.0114064951714387 0.0116847958195519 0.0119954968749057 0.0123511375351898 0.0127682297517312 0.0132677888269941 0.0138747589775708 0.0146152598518245 0.0155102581990261 0.016564327916724 0.0177497322901321 0.0189900983329697 0.020153580533 0.0210683278839993 0.0215666278721183
-9999 -9999 -9999 -9999 -9999 -9999 -9999 -9999 -9999 -9999 -9999 -9999 -9999 -9999 -9999 -9999 -9999 -9999 0.00759347843853721 0.00778264558909766 0.00799396359273433 0.00822337835437876 0.00846694654487971 0.0087210325824069 0.00898239615765834 0.00924823185522877 0.00951619443002296 0.00978442340789226 0.0100515704251703 0.00864324913767553 0.00978008003285986 0.0100166634379582 0.0102517295898591 0.0104869329227972 0.0107246545362501 0.0109681039025281 0.0112214819349012 0.0114902415636221 0.0117814878009395 0.012104551895735 0.0124717181512718 0.0128989380632089 0.0134061191724841 0.0140162636797333 0.0147524319784368 0.0156313174876575 0.0166525555307922 0.0177845962657722 0.0189515681389616 0.0200299148388155 0.0208649034524875 0.0213104546191202
-9999 -9999 -9999 -9999 -9999 -9999 -9999 -9999 -9999 -9999 -9999 -9999 -9999 0.00529262815474352 0.00532291830664664 0.0070128960667807 0.00711460619564768 0.00725123170296216 0.00742099892239222 0.00761985684123853 0.00784287315056053 0.0080851593669185 0.00834227826816998 0.00861034517966704 0.00888601095449686 0.00916642684454431 0.00944922539224048 0.00973252291696177 0.00926189011393889 0.00951825995412224 0.00977185523587939 0.0100229892858793 0.0102725908993208 0.010522251626887 0.0107742936627759 0.0110318761013046 0.0112991624207019 0.0115815810893925 0.011886212563088 0.012222318294747 0.0126019661634723 0.0130405672552056 0.0135569146609554 0.0141720340612828 0.0149059039994453 0.0157710456339265 0.0167625118766456 0.017845543309845 0.0189452866228951 0.019946222081672 0.0207090805004592 0.0211065500369387
-9999 -9999 -9999 -9999 -9999 -9999 -9999 -9999 -9999 -9999 -9999 -9999 -9999 0.00516254344037761 0.00678057569997738 0.00683963978241683 0.00693788750594125 0.00707777202202558 0.00725617791952037 0.00746686105142999 0.00770315287636684 0.00795920891357511 0.00823021003968265 0.00851219308418506 0.00880185283305315 0.00909641239229875 0.00939356255186178 0.00896256425949964 0.00923528226547917 0.00950570437775601 0.00977352327711915 0.0100389985295936 0.0103030003003664 0.0105670635007012 0.0108334626529479 0.0111053249287674 0.011386802564604 0.0116833315469488 0.0120019997576391 0.0123520223154957 0.0127452577056033 0.0131965625202632 0.0137235812462966 0.0143453241250765 0.0150786946089186 0.0159321908914207 0.016896662472052 0.0179346951273567 0.0189728485112771 0.0199032874762627 0.0206006486940181 0.020953907552026
-9999 -9999 -9999 -9999 -9999 -9999 -9999 -9999 -9999 -9999 -9999 -9999 -9999 0.00661613410736381 0.00662675042725934 0.00667297634977976 0.00676681935675623 0.00691240439228705 0.00710318142715985 0.00732870187192716 0.00757997403481242 0.00785041779733603 0.00813521457497565 0.00843063133277252 0.00873361217090174 0.00904157951526914 0.00864857689829049 0.00893575684034174 0.009221793098643 0.00950584052281663 0.00978755713715413 0.0100671532788038 0.0103454450572527 0.01062391744511 0.0109048082801585 0.0111912289010516 0.0114873405367423 0.0117986078461527 0.0121321417951087 0.0124971137528159 0.0129051552448772 0.0133705298346107 0.0139096818373852 0.0145395655940781 0.015274036860491 0.0161177477981061 0.0170577246417819 0.0180543950388843 0.0190360225598598 0.0199020481417818 0.020539583389582 0.0208517638052276
-9999 -9999 -9999 -9999 -9999 -9999 -9999 -9999 -9999 -9999 -9999 -9999 -9999 0.00649829080942345 0.00648792645132264 0.00651484448641649 0.00660276568815452 0.0067596934997974 0.00696906540657333 0.00721280534813485 0.00748005867587659 0.00776458366333079 0.00806227629226302 0.00837001277129886 0.0086851746775378 0.00832718821109153 0.00862604301648357 0.00892547036344023 0.00922420389426462 0.00952139227386514 0.00981666057169158 0.0101101714311021 0.0104026897232801 0.0106956562968044 0.0109912814223378 0.0112926729304401 0.011604014587122 0.0119308102616119 0.0122801952441262 0.0126612821992795 0.0130854393927323 0.0135662806935802 0.0141189861996389 0.0147584150237152 0.0154954159726698 0.0163309851512774 0.0172486921426967 0.0182072433054424 0.0191368123758008 0.0199436820422893 0.0205261506695605 0.0207997005968559
-9999 -9999 -9999 -9999 -9999 -9999 -9999 -9999 -9999 -9999 -9999 -9999 -9999 0.00641043996355909 0.00637516569443779 0.00637000981373436 0.00644813939474319 0.00663077208268329 0.00686661908195596 0.0071296794118885 0.00741146641566804 0.0077079825766587 0.00801648978221134 0.00770492902138456 0.0080073136081562 0.00831420714652786 0.00862383280594124 0.0089346441814276 0.00924539744864939 0.00955522661040099 0.00986371826112347 0.0101709851229713 0.0104777415945923 0.0107853881656711 0.0110961141734753 0.0114130319656851 0.0117403545705683 0.012083625849186 0.0124499941610124 0.0128484832706754 0.0132901464600395 0.0137878776501414 0.0143555209549715 0.0150058009980778 0.0157466088071419 0.0165754775679646 0.0174728642249775 0.0183961328452251 0.0192775059896981 0.0200296751151189 0.0205609765598164 0.0207977076305985
-9999 -9999 -9999 -9999 -9999 -9999 -9999 -9999 -9999 -9999 -9999 -9999 -9999 0.00636699293936438 0.00631437606407259 0.00626726016537839 0.00632132246342253 0.00655779687630873 0.00681611704654447 0.00709150997296273 0.00738214666812136 0.00768635378355414 0.0073962652452614 0.00769958548358196 0.00800997646708459 0.00832564226406026 0.00864488429678108 0.00896618405012712 0.00928828943201614 0.0096103005879455 0.00993175466062675 0.0102527087676815 0.0105738258205175 0.0108964681954383 0.0112228082308099 0.0115559665839533 0.0119001858537628 0.0122610416773845 0.0126456726726559 0.0130629711636469 0.0135236104263897 0.014039683542721 0.0146236201887652 0.0152859726397865 0.0160317263021632 0.0168551408308639 0.0177338781008466 0.0186242852551253 0.019460722901172 0.0201618708921926 0.0206450983219243 0.0208462236790505
-9999 -9999 -9999 -9999 -9999 -9999 -9999 -9999 -9999 -9999 -9999 -9999 -9999 0.00637840111013517 0.00633452901539819 0.00631346916345813 0.00638585250294215 0.00658576811965739 0.0068339653595189 0.00710640004091149 0.00739719831850304 0.00711869615011775 0.00741660905176543 0.00772474045477538 0.00804120790631075 0.00836418043046377 0.00869192824160402 0.00902289487447818 0.0093557800172193 0.00968962619439557 0.0100239078308701 0.0103586204033572 0.0106943735668035 0.0110324927483749 0.011375135311646 0.0117254303173161 0.0120876442101436 0.0124673678240014 0.0128716970663559 0.0133093386683642 0.0137905096538126 0.0143264122238011 0.0149279784719916 0.0156035493821868 0.0163552580210305 0.0171742715250868 0.0180357452117544 0.0188952882815806 0.0196894521733628 0.0203425139161607 0.0207799981758342 0.0209461617725415
-9999 -9999 -9999 -9999 -9999 -9999 -9999 -9999 -9999 -9999 -9999 -9999 -9999 0.00644027111096477 0.0064204942397439 0.00643774968321485 0.00652390646941082 0.00669051879433064 0.00691390071410456 0.00717284627596704 0.00688979187860922 0.00717318749531229 0.00747149236497283 0.00778218397484299 0.00810305903774391 0.00843209803425584 0.00876744664441345 0.00910745354437113 0.00945073575671387 0.00979625864503862 0.0101434235769196 0.010492160331248 0.0108430251859198 0.0111973077613581 0.011557151193622 0.011925689590278 0.0123072021129852 0.0127072706048216 0.0131329057541715 0.0135925636424734 0.0140959189073207 0.0146531839190173 0.0152737059320525 0.0159635739194039 0.0167221204862434 0.0175375889015832 0.0183828899491568 0.0192131341899231 0.0199670924887065 0.0205742820697927 0.0209676292268476 0.0210989252219965
-9999 -9999 -9999 -9999 -9999 -9999 -9999 -9999 -9999 -9999 -9999 -9999 -9999 0.0065396631904196 0.00654277368507026 0.00658358382822087 0.00667801189464114 0.00683211458948029 0.0064995645158998 0.00672847169823181 0.00698527986873921 0.00726413865189366 0.00756100957038489 0.0078728172121275 0.00819699837050771 0.00853129773286731 0.00887369873119937 0.00922242893002821 0.00957600687245509 0.0099333124212983 0.0102936713292096 0.0106569485944945 0.0110236497926786 0.011395031503367 0.0117732222515129 0.0121613551574731 0.0125637057331262 0.0129858153233359 0.0134345574264611 0.0139180622626789 0.0144453657288665 0.0150255840434805 0.0156663863112435 0.0163715674117029 0.0171377061536929 0.0179502798755079 0.0187801904798957 0.0195822573978068 0.0202974860562369 0.0208603169389181 0.0212104358560483 0.0213064175011287
-9999 -9999 -9999 -9999 -9999 -9999 -9999 -9999 -9999 -9999 -9999 -9999 -9999 0.00666643493018496 0.00668810502817569 0.00674506452345924 0.00684664561345529 0.00646286041682879 0.00664598724245367 0.00686550953295485 0.00711506223978786 0.00738942415596194 0.00768449969442392 0.0079969902872146 0.00832411389799102 0.00866343848460644 0.00901281023521682 0.00937034758677104 0.00973447843761369 0.0101040041019951 0.0104781822826073 0.0108568207990635 0.0112403813795358 0.0116300917765785 0.0120280653799613 0.0124374255378759 0.0128624224370005 0.0133085179052463 0.013782387027381 0.014291748763085 0.0148448930417367 0.0154497251825903 0.0161121382258615 0.0168335867480409 0.0176079373579185 0.0184180469487829 0.0192330216513308 0.0200075740400307 0.0206849525204704 0.0212042491123666 0.0215113677722727 0.0215710494558351
