R/Data/side_v1_12_2.asc
NCOLS 365 
NROWS 740 
XLLCORNER 0.791666667335165 
YLLCORNER 6.2083333340009 
CELLSIZE 0.00833333332967033 
NODATA_value -9999 
[rows 368 to 390 of 740, columns 208 to 259 of 365]
0.56697282760354 0.562013192294956 0.55675464133326 0.551048233785081 0.544607551034297 0.537368903892804 0.529442812068831 0.521027060628177 0.512355364457114 0.503677006654011 0.495345268739387 0.488675453915751 0.487549914323622 0.490613072194394 0.494690251418402 0.497446631956605 0.502160155016328 0.507125778465515 0.512293873279887 0.517608300876217 0.523015687320075 0.528468677426807 0.533926592282441 0.539041174821279 0.544494070950897 0.549868334567072 0.555144042813478 0.56030466571162 0.565336455273309 0.570227929465515 0.574969444870377 0.579552862669246 0.583971312862112 0.58821902505624 0.592291260898538 0.596184294468392 0.59989546607509 0.603423274581421 0.606767504608413 0.609929385506685 0.612911743891649 0.615719154161657 0.618358076599795 0.620836942814704 0.62316620842348 0.625358329920674 0.627427667386121 0.629390293880747 0.631263693741103 0.633066354965322 0.634817215806658 0.636535000619602
0.57247248487566 0.567515300174519 0.562006116182654 0.555904653075828 0.54909172060625 0.541556368120099 0.533408082766612 0.524841033603031 0.516115664448294 0.507587401837379 0.499860112440436 0.494238367503974 0.492599807862234 0.494415477506078 0.497814572926464 0.500306997061456 0.504853293307328 0.509696660611063 0.514757323706637 0.519969562697169 0.525277328195925 0.530632881636096 0.535995860975441 0.541332371140505 0.546614098100036 0.551817474365277 0.556922919679684 0.561914171329823 0.566777698873035 0.571502218310974 0.576078289160686 0.5805687239208 0.584917789855737 0.589099830993591 0.593110101798548 0.596944903457766 0.600601638326403 0.604078902961211 0.607376610416645 0.610496140661222 0.61344048663143 0.616214393012712 0.61882447702182 0.621279301319394 0.623589398079728 0.62576723181716 0.627827067161493 0.629784760082284 0.631657428754838 0.633463026147599 0.635219787125801 0.636945564931891
0.577249253356187 0.572591269771829 0.567107774059139 0.560873238529958 0.553894642963399 0.546229678827472 0.538017717358999 0.529474944508468 0.520898874652952 0.512707508637497 0.505545860248603 0.500454081361874 0.498511626031728 0.499452755329478 0.500512482251637 0.504159815308872 0.50837375067604 0.512967820346841 0.517824948748088 0.522860701167003 0.528009640167425 0.533219219285019 0.538446517211006 0.543656188218088 0.548819020200375 0.553910811034799 0.55891147707303 0.563804318266135 0.568575397089125 0.573213051427625 0.577707486718024 0.582050470888575 0.586235113246115 0.590255716596081 0.594107711919623 0.597787646543704 0.601293227465607 0.604623408585043 0.607778503023059 0.611179296364122 0.614079615046953 0.616814171216815 0.619389614749112 0.621814512698767 0.624099357890107 0.626256505393268 0.628300028769903 0.630245484255384 0.632109571577424 0.633909690370335 0.63566338734309 0.637387704918811
0.581522778710857 0.577330793568435 0.572073511291125 0.565913469722334 0.55895424935505 0.551319426268768 0.543187238639692 0.534801076052869 0.526483287590478 0.518667888058483 0.511961334758493 0.50717805990668 0.505008961130982 0.503686350585234 0.505739946428109 0.508853715624333 0.512649861152976 0.516908142995157 0.521485315061908 0.526279730296454 0.531215163952555 0.53623236719071 0.541284186818667 0.546332513491288 0.551346232610333 0.556299761613526 0.561171945486101 0.565945206772704 0.57060486407252 0.575138608155392 0.57953606797348 0.583788508199855 0.587888591268961 0.591830235115674 0.595608539986376 0.59921977361171 0.60266141447745 0.605932226765391 0.609032372237635 0.611963533293093 0.614729039334905 0.617333972276077 0.619785252487518 0.62209167701925 0.624263906592972 0.626314373903355 0.628257121275158 0.630773985884894 0.632622236253488 0.634409148590231 0.636151592996036 0.637865844597777
0.585599021970685 0.581897479268952 0.576974928716597 0.571033103207629 0.564238178028661 0.556765497928134 0.54882796063527 0.540691098455517 0.532688628847937 0.525246529069549 0.518912547612693 0.514330672974154 0.511978560772968 0.510186549929461 0.511661907052661 0.514248798061038 0.517592792483578 0.521464801742197 0.525708381210322 0.530210437816742 0.5348859901607 0.539669414906431 0.544508992200081 0.549363309915065 0.554198813968431 0.558988056095866 0.563708404500643 0.568341069646011 0.572870352304033 0.577283060020676 0.581568061215467 0.585715947118653 0.589718792849682 0.593570001537027 0.597264224826241 0.600797341519128 0.604166492360065 0.607370149461278 0.610408219872613 0.613282158343965 0.615995081559431 0.618551869603448 0.620959237754345 0.623225761362387 0.625361850413369 0.627379648598354 0.629292857715889 0.631116468363751 0.632866398843407 0.634559041489897 0.636210715225907 0.637837046951463
0.589674043609545 0.586434927203442 0.58189381237393 0.576259839534194 0.569732603372939 0.562521566090377 0.554864412045112 0.547040689585018 0.53938560333259 0.532306180953661 0.526289847270776 0.521854122208975 0.517745282963492 0.517183869030234 0.51815128302599 0.520236273264187 0.523120571223408 0.526580452744513 0.530455918370237 0.534628273103498 0.539006979352586 0.543521593259438 0.548116448796802 0.552746974697644 0.557377089665331 0.561977301335965 0.566523293753771 0.570994866312666 0.575375111602676 0.579649793290965 0.583806864293222 0.587836113606846 0.591728906684205 0.595478020065834 0.599077554975632 0.60252289941835 0.605810761953303 0.608939227648148 0.611907852719376 0.614717766850363 0.617371780021062 0.619874470199678 0.622232244241726 0.624453356541071 0.626547866900773 0.628527536084576 0.630405636168591 0.63219667941694 0.633916052012019 0.635579563376168 0.63720291268971 0.638801080424383
0.593850564938155 0.591040538216186 0.586897349114968 0.581623844362503 0.575433545944242 0.568554559640924 0.561238780327783 0.553771730009423 0.546483059605029 0.539755732636894 0.534021158133685 0.529702966902428 0.525502904733669 0.524601794906457 0.525120419226236 0.526734033783813 0.529164580039405 0.532201784140607 0.535688586491998 0.539505324450842 0.543559005073705 0.547776296356765 0.552098693611607 0.556479052219831 0.560879032117764 0.56526718107782 0.56961748951184 0.573908280913011 0.578121353532387 0.582241332610803 0.586255163481465 0.590151732495766 0.593921609272556 0.597556855166292 0.601050930451758 0.604398653821917 0.607596212799553 0.610641224306612 0.61353280537507 0.616271676180726 0.618860251817917 0.621302717268258 0.623605083407508 0.625775190057251 0.627822660539504 0.629758785281422 0.631596329945823 0.633349256344504 0.63503236430178 0.636660841909585 0.638249746224145 0.639813413371735
0.598181284167875 0.595774302403041 0.592033205053825 0.587150170005641 0.581341243409704 0.574841792313273 0.567908957801228 0.56082740041772 0.553916062706504 0.547531499296735 0.542055221032213 0.53625306023101 0.533573851277418 0.532385241449402 0.532505286686197 0.533679164057493 0.535668890054641 0.538282259092371 0.541369540073049 0.544813553159217 0.548521445796202 0.552418845130345 0.556445666508616 0.560552995449103 0.564700721799329 0.568855718407337 0.572990424839812 0.577081750558224 0.58111021353297 0.585059276359088 0.588914833998218 0.592664825227269 0.596298958204905 0.599808517886571 0.603186261631256 0.606426364312488 0.609524428273133 0.612477524508922 0.615284259988897 0.617944868904775 0.620461290071941 0.622837238557016 0.625078246813857 0.62719166115783 0.629186588761793 0.631073773650797 0.632865403011985 0.634574828988548 0.636216212502566 0.6378040828431 0.639352833330434 0.640876150190483
0.602694103268068 0.600672298936306 0.59733306946224 0.592857261927789 0.587457199510651 0.581367856008536 0.574844856089345 0.568166652150585 0.561637766393391 0.555587614883899 0.550354117252985 0.544686961451806 0.541926559658592 0.540492432537457 0.540257091677657 0.541022282681939 0.542587870377169 0.544782149332005 0.547465719541319 0.550526460599216 0.553873731141958 0.557433740366659 0.561146032069942 0.564960793231806 0.568836748905282 0.572739497992916 0.576640192732259 0.580514489196965 0.584341713794351 0.588104214145546 0.591786844010972 0.595376584638602 0.598862259863992 0.60223434086721 0.605484834607104 0.608607224548043 0.611596466903123 0.61444903056478 0.617162948507869 0.61973790130699 0.622175284954834 0.624478272907336 0.626651848475157 0.628702792107573 0.630639624460668 0.632472477028872 0.634212897056788 0.635873570485019 0.637467973557921 0.639009941528855 0.640513182225614 0.641990725637595
0.607404458487911 0.605756429806913 0.60281757157294 0.598757988732495 0.593782961764479 0.588122196549343 0.582025023719664 0.575759778390174 0.569614078992438 0.563890524727728 0.557327871181678 0.5533585854486 0.550535501343462 0.548890713702876 0.548337567114182 0.54872377721535 0.549883875284474 0.551667607458489 0.5539479132464 0.556619667620908 0.559596102658711 0.562805377016322 0.566187763979346 0.569693402286984 0.573280493227804 0.576913830703195 0.580563612201846 0.584204472392498 0.587814702232482 0.591375629383972 0.594871129510755 0.598287251338704 0.601611938292534 0.604834836884375 0.607947179289557 0.610941722998154 0.613812739604647 0.61655604395741 0.619169044217388 0.62165081013323 0.624002136835617 0.626225594511027 0.628325553565043 0.63030816783 0.632181309971216 0.633954438910743 0.635638405966284 0.637245186080308 0.638787525625658 0.64027853736302 0.641731219316183 0.643157936364444
0.612321154492258 0.61104020085436 0.608500088265558 0.604861061470537 0.600319679412423 0.595097381265482 0.589434008627369 0.583585116815885 0.577819988283789 0.570847215664957 0.566120331372644 0.562249041105436 0.559379891834338 0.55755398836174 0.556715995057628 0.556751210109291 0.557525321644665 0.558909478602799 0.560790203276427 0.563070815253382 0.565669752337152 0.568518277459363 0.571558367030604 0.574740910308277 0.578024217607519 0.581372770305369 0.58475618520652 0.588148352032444 0.591526725640862 0.594871756768937 0.59816643652071 0.601395937883125 0.604547358309197 0.607609529463454 0.610572904386774 0.613429494895419 0.616172859490117 0.618798123389355 0.621302029296914 0.623682988365729 0.625941143745259 0.628078410731958 0.630098492529979 0.632006862399643 0.633810689470617 0.635518710598534 0.637141035386172 0.638688879820158 0.64017422845635 0.641609441146976 0.643006785057792 0.644377948442479
0.62141879654039 0.616531841379742 0.614389107804601 0.611172092513571 0.607067860937801 0.602287832095979 0.597060360796736 0.591626589085833 0.586236875825754 0.579622280399451 0.575114005947257 0.571342988403958 0.568442560870366 0.566460887498723 0.565367081008773 0.565077351440823 0.565485069048219 0.566482086771817 0.567969148951997 0.569859066206016 0.572076549698271 0.574556948097428 0.577244796492522 0.580092465063959 0.583058979347304 0.586109003382149 0.589211959017251 0.592341293561644 0.595473856268077 0.598589390187723 0.601670122492432 0.604700436642201 0.607666636582533 0.610556768834082 0.613360517553985 0.616069145226213 0.61867548185037 0.621173939126158 0.623560558638123 0.625833058776841 0.627990887637625 0.630035259475234 0.63196916699657 0.633797352728119 0.635526238977736 0.637163795648215 0.638719347337531 0.640203316379067 0.641626894953642 0.643001659922731 0.644339134640307 0.645650310805854
0.626758678726926 0.622235728888 0.62048940058608 0.617694054233803 0.614027004752692 0.60968873328422 0.604894993374954 0.599871693568378 0.593332122953792 0.588590412490794 0.584295696117426 0.580627512214756 0.577708797201255 0.575593204766589 0.574269174720164 0.573678495163949 0.573738950380967 0.574361998345484 0.575462791927765 0.576964338848343 0.578798469411834 0.58090544284655 0.583233105458909 0.585735975388793 0.588374364722778 0.591113589314257 0.59392327150574 0.596776725497252 0.599650439398994 0.602523636399473 0.605377918843672 0.608196985822731 0.610966416119836 0.613673515110632 0.616307223822746 0.618858063828915 0.621318129616296 0.623681106191273 0.625942310438216 0.628098736901572 0.630149105129599 0.632093893840744 0.633935343857572 0.635677427785531 0.637325782290952 0.638887572323014 0.640371303244069 0.641786572400076 0.643143749838518 0.644453610511856 0.645726913285407 0.64697394411484
0.632303322156426 0.632317913200432 0.626802279367276 0.624427156285209 0.62119497055254 0.617294907309879 0.612929656548288 0.608309713516481 0.60218659392256 0.597739703636557 0.593653869179758 0.590090848963858 0.587165072809556 0.584934374647627 0.583402615483929 0.582532848257851 0.582264303023894 0.582526731797861 0.583249540628497 0.584366364430738 0.585816797402203 0.587546697613917 0.589507889495832 0.591657633530833 0.593958055780337 0.596375578564871 0.598880397421015 0.601446006520062 0.604048780429983 0.60666761997025 0.609283655533631 0.611880010839362 0.614441623073187 0.616955114234726 0.619408715838268 0.621792226508048 0.624097009381565 0.626316017232347 0.628443824873788 0.630476684230577 0.63241255956476 0.634251161507987 0.635993946971158 0.637644090151939 0.639206405310134 0.640687222420005 0.642094199714787 0.643436079619677 0.64472239062488 0.645963085175167 0.64716814139912 0.648347128728356
0.638047498779251 0.638426332857442 0.633325214952868 0.631368243006961 0.628567049713761 0.625099551672319 0.62115539456667 0.615484303583228 0.61121909852134 0.607058608066582 0.603177016905053 0.599720945571702 0.596797597197993 0.594467891877462 0.592748056136998 0.591618904067894 0.591038461162093 0.590953383028726 0.591306943482076 0.592043600199218 0.593111182513366 0.594461717948994 0.596051573882487 0.597841292014133 0.599795291346427 0.601881522566139 0.604071111838608 0.606338033050294 0.60865879036958 0.611012160610114 0.613378955689842 0.615741844643681 0.618085212538385 0.620395060642434 0.622658954517076 0.624865995502222 0.627006828152752 0.629073672144294 0.631060356191171 0.632962371352065 0.634776908423791 0.636502886797505 0.638140955693706 0.63969346056503 0.641164371303679 0.64255915429227 0.643884598099373 0.645148570907599 0.646359737236283 0.647527213848447 0.648660183977019 0.649767489045542
0.643981363097381 0.644727866646294 0.644354544453167 0.638509783970249 0.636134742790401 0.633092779636443 0.628139292930272 0.624342597800586 0.620416763535277 0.616534031946319 0.61285187220128 0.609503808520551 0.606590688304818 0.604175595802539 0.60228470239973 0.600913721368139 0.600037145462315 0.599617154538953 0.599610347416044 0.599972025647616 0.600658572820077 0.601628628309235 0.602843586768876 0.60426774066868 0.605868233207883 0.607614922798418 0.609480201704073 0.611438800367478 0.61346759200306 0.615545415473259 0.617652920684997 0.619772442350794 0.621887905187314 0.623984759940697 0.626049952453141 0.628071921345906 0.630040612612103 0.631947516715022 0.633785717355343 0.635549937010766 0.637236579222863 0.638843757836666 0.640371293162093 0.64182068393165 0.643195033684782 0.644498928550819 0.645738263443054 0.64692002085418 0.648051987082022 0.649142426735646 0.650199721932309 0.651231973741858
0.650089273206797 0.6512075334335 0.651229275877767 0.645838573727167 0.643884305121016 0.641259991662393 0.636784302614872 0.633360294593924 0.6297631395636 0.626149333366723 0.622661511264332 0.619421689620939 0.616524974089182 0.614035837189557 0.611988469510994 0.610391135686808 0.609232786755658 0.608489808247941 0.608131500030536 0.608123886724392 0.608432085513456 0.609021681763827 0.609859491151416 0.610913950016687 0.612155301227798 0.613555652262588 0.615088958122174 0.616730964762847 0.618459129471682 0.620252538240628 0.622091824075356 0.623959106817641 0.625837943851867 0.627713306372814 0.629571575727935 0.631400563575852 0.633189540602414 0.634929286794644 0.636612142155781 0.638232061901522 0.639784655599802 0.64126721970925 0.642678736136032 0.64401984143507 0.64529275943246 0.64650118111703 0.647650099251937 0.648745594213976 0.649794563857455 0.650804416487227 0.651782720330348 0.652736832711387
0.656348538223089 0.657843044471892 0.658260654151482 0.65771011493505 0.65179517072874 0.648273339838937 0.645578175088341 0.642515559830457 0.639236163197889 0.635882302241816 0.632583391436535 0.629451195518048 0.626575527741123 0.624021609383365 0.621830116272498 0.620019965893882 0.618592845454496 0.617538131565234 0.61683716159094 0.616466452691454 0.616399915577441 0.616610303745755 0.617070146222907 0.617752344475915 0.618630551879666 0.61967941527022 0.620874712017279 0.622193436055543 0.623613824056942 0.625115374110871 0.626678844007896 0.628286252060979 0.629920881878187 0.631567297419845 0.63321137405049 0.634840336198779 0.636442810690647 0.638008887271635 0.639530175260021 0.640999866461826 0.64241277836927 0.643765388369707 0.645055832344289 0.646283878820895 0.647450863661778 0.64855957418283 0.649614094225813 0.650619595916379 0.65158208416144 0.652508101838321 0.653404403454167 0.654277594363422
0.66272821608477 0.664603575486562 0.665417920471438 0.665273469714956 0.65983839796239 0.656805928019304 0.654491517874972 0.651778837880393 0.648806203302156 0.645703215949521 0.642587449313783 0.639561435299933 0.636710029983123 0.634098715691119 0.631773459295325 0.629762301918267 0.628078225708719 0.626722499685248 0.625687821732802 0.624960888146638 0.624524348869485 0.624358232031507 0.624440975645902 0.624750177358597 0.625263144836296 0.625957298420938 0.626810458457452 0.627801059349101 0.628908292307641 0.630112221173007 0.631393856825422 0.632735225728159 0.634119427966581 0.635530695812123 0.636954456060322 0.638377395499265 0.639787535009339 0.641174297229128 0.64252858175118 0.643842831515414 0.645111078857948 0.646328984462583 0.647493841316975 0.648604549691009 0.649661554908664 0.650666742029399 0.651623281394582 0.652535436501786 0.653408317612902 0.654247605521063 0.655059234395306 0.655849056569565
0.66918816134316 0.671448785848134 0.672660644029577 0.672919338440735 0.672341385465851 0.665429650953557 0.663485436369882 0.661111254404215 0.658434425909211 0.65557319381562 0.65263448182554 0.649712417485798 0.646887193739366 0.644224215527548 0.641773846707477 0.63957206577048 0.637641957852756 0.635995704281691 0.634636685017089 0.633561385166625 0.632761030988106 0.632222912945056 0.631931463813895 0.631869120409333 0.632017011502889 0.632355503070012 0.632864631981878 0.633524434788974 0.634315209688476 0.635217717896263 0.636213344478004 0.637284227948278 0.6384133763645 0.639584764728791 0.640783437809168 0.641995596883399 0.643208696754129 0.644411530549619 0.645594315428614 0.646748762512071 0.647868137894203 0.64894729796078 0.649982700709047 0.650972384629716 0.651915911468723 0.652814265830195 0.65366971352915 0.654485609843153 0.655266176811244 0.656016233849682 0.656740899159758 0.657445274920392
0.675678480598317 0.678328234708292 0.679938101069718 0.680596881307056 0.680413420513848 0.674094907707016 0.672510489265561 0.67046352175033 0.668071666255518 0.665443061111261 0.662674997365131 0.659853902368638 0.657055606849348 0.654345268640174 0.651777053643089 0.649393988769348 0.647228291400429 0.645302182171739 0.643629037522922 0.642214664381661 0.641058581027284 0.64015521120168 0.639494952939285 0.639065124308953 0.638850761211176 0.638835290494502 0.639001086326068 0.639329918208231 0.639803314704439 0.640402856842313 0.641110412808552 0.641908335609983 0.642779628960756 0.643708094126673 0.644678459246031 0.645676501034837 0.646689159606026 0.647704641026191 0.648712513181254 0.649703788838113 0.650670988567572 0.65160818572041 0.652511020208174 0.653376683446185 0.654203866940257 0.654992667205279 0.655744451553147 0.656461682975757 0.657147701091088 0.657806473417756 0.658442308520007 0.659059561638098
0.682139553377794 0.685181389274714 0.687189287406314 0.688244956946449 0.68844959819372 0.682741144184738 0.681506440241696 0.67977566597244 0.677658124628099 0.675253001380099 0.67264883415652 0.669924976647747 0.667153265094204 0.66439866475928 0.661718831264247 0.659163226085609 0.656772411700331 0.654577846337427 0.6526021906866 0.650860009968172 0.649358711199242 0.648099585664383 0.64707885399271 0.646288654163622 0.645717933953509 0.64535323130624 0.6451793368862 0.645179848057126 0.645337628880241 0.645635186184979 0.646054975186486 0.646579663208264 0.647192343469082 0.647876724816928 0.648617296711369 0.649399479136824 0.65020975507223 0.65103579601791 0.651866566057801 0.652692416033196 0.653505156831043 0.654298105230715 0.655066111323213 0.655805540596507 0.656514234196548 0.657191419219476 0.657837583170624 0.658454310582867 0.659044075310175 0.65961000181146 0.660155605332261 0.660684498068916
0.688502756191217 0.69193835505188 0.694343672888276 0.695792932350978 0.696379530243072 0.691297561013935 0.690403006142686 0.688977789114543 0.687124104187429 0.684933235453009 0.682485740286607 0.67985452408727 0.677107966029197 0.674311169874029 0.67152526563388 0.668805765753746 0.666200922724144 0.663750645624412 0.661486106365495 0.659429947282447 0.657596922311974 0.655994793864873 0.654625334287417 0.653485344236973 0.652567613280281 0.651861778935668 0.651355085508033 0.651033026667051 0.650879888162216 0.650879196236561 0.651014099280954 0.65126767551229 0.651623204339967 0.652064394032552 0.652575579599741 0.653141897419277 0.653749446364093 0.654385421522378 0.655038238924759 0.655697636829082 0.656354756619989 0.657002200976076 0.65763405988283 0.658245905634176 0.65883475692425 0.659398996961677 0.659938258234016 0.660453267616215 0.660945651707775 0.661417714573013 0.661872188162917 0.66231195919637
