R/Data/side_v1_12_2.asc
NCOLS 365 
NROWS 740 
XLLCORNER 0.791666667335165 
YLLCORNER 6.2083333340009 
CELLSIZE 0.00833333332967033 
NODATA_value -9999 
[rows 345 to 367 of 740, columns 208 to 259 of 365]
0.545790148811017 0.54706171875371 0.545985097878055 0.54637601624766 0.54634754825347 0.546004829988055 0.545474323720411 0.54489364381403 0.544398786589362 0.544109663715905 0.54411624373791 0.544469687672363 0.545182777505932 0.546239334827434 0.547606895820326 0.549246849583962 0.551120268963597 0.553190571995447 0.555424629186314 0.557793297550327 0.560271709956766 0.562839351053955 0.565479826302582 0.568180291669168 0.570930591916671 0.573722196500738 0.576547080237252 0.579396672951097 0.582260969535269 0.585127865054661 0.587982712430422 0.590808093204994 0.593583764730614 0.59628672583359 0.59889138725785 0.601369784928123 0.603691848053995 0.605825719278691 0.6077381508386 0.609395026995 0.610762081983081 0.611805872155038 0.612495080703458 0.612802205903817 0.612705638969441 0.612192109265249 0.611259394087131 0.609171947421593 0.607955594431057 0.606411187165176 0.60460556485772 0.602627601902603
0.54362532062384 0.544763273082215 0.545332062592142 0.545376780465228 0.543167685541911 0.542585517023806 0.541800422210391 0.540956766668292 0.540198027350898 0.539652531115591 0.539420295267893 0.539564477237807 0.54011046105769 0.541052405912098 0.542363451091595 0.544005306171142 0.545935156081499 0.548109962214464 0.550488987838232 0.553035290404148 0.555716555182259 0.558505434856852 0.561379433711722 0.564320382553568 0.567313587667894 0.57034677787648 0.573408970150982 0.576489403380013 0.579576606000027 0.582657673088894 0.585717750772683 0.588739731334778 0.591704115581757 0.59458900130205 0.597370185921452 0.600021314193281 0.602514096855126 0.6048185819159 0.606903505377818 0.608736780808295 0.610286157644364 0.611520148178647 0.612409270105096 0.612927661957139 0.613055084283455 0.612779292449585 0.612098666486248 0.609980286337136 0.609034790686267 0.607771972500387 0.606257406551319 0.604577975370132
0.541642448078362 0.542639438035227 0.54303872927657 0.542885641949434 0.542261364689941 0.53930770169084 0.538256153487928 0.537137689338872 0.536104565919606 0.535295205629832 0.534821140332615 0.534757953311166 0.535142687480519 0.535978038226234 0.537240908317857 0.538891940167113 0.540883593605991 0.543165976689713 0.545690651169366 0.548412960610198 0.551293333605421 0.55429783775913 0.557398155649115 0.560571074653817 0.56379764038758 0.567062087183901 0.570350692936144 0.57365068025792 0.576949246098428 0.58023278084566 0.583486293533077 0.586693030494643 0.589834267714182 0.592889234756361 0.595835147254672 0.598647308270075 0.601299274742037 0.603763085735473 0.606009582839 0.608008842819947 0.609730808919172 0.611146146722407 0.61222742248888 0.612950633321467 0.613297114121289 0.613255796216316 0.61282573822642 0.612018770210384 0.60999469630445 0.609017745405665 0.607798750163371 0.606421340014799
0.539858357400011 0.540707227739051 0.540928859436329 0.540568726918242 0.539710219273345 0.538471036896629 0.534861802350195 0.533457181730455 0.532139699860851 0.53105947846749 0.530340966420136 0.530072682599604 0.530302597102301 0.531040250073938 0.532264349718985 0.533932828068863 0.535992349856748 0.538385656864281 0.541056506500829 0.543952683417974 0.547027644792334 0.550241224087823 0.553559637768765 0.556954978769544 0.56040434859759 0.563888766168207 0.567392001064185 0.570899442147483 0.574397087854613 0.577870719301419 0.581305263830856 0.584684358702924 0.587990073495812 0.591202778072641 0.594301121917719 0.59726208515583 0.600061103926333 0.602672267902967 0.605068589762612 0.607222423899328 0.60910602455804 0.610692362227963 0.611956216846149 0.612875613754949 0.613433617056412 0.613620459069005 0.613435922051457 0.612891843462112 0.612014544040403 0.610131147016273 0.609207456497577 0.60813108586522
0.53828723996611 0.538980855835347 0.539016808856472 0.538440676140975 0.53733799965484 0.535830909937196 0.534070395919309 0.529933199182323 0.528321878239263 0.526964135309302 0.525998767261872 0.525527913932578 0.525609948874774 0.526259632051305 0.527455364807542 0.529150478628375 0.531284575570625 0.533792429621926 0.536609899209474 0.53967742185999 0.542941855417512 0.546357221453786 0.549884699785197 0.553492087962931 0.557152899026046 0.560845237782174 0.564550611881632 0.568252765618325 0.571936635724072 0.575587484759726 0.579190215483709 0.582728877463392 0.586186342304986 0.589544117060449 0.592782275477373 0.595879471952786 0.598813030813152 0.60155910705916 0.604092933964626 0.606389192521148 0.608422538013719 0.610168344583132 0.611603722507355 0.612708850099865 0.613468641645441 0.613874720428254 0.613927642741781 0.613639223249623 0.613034789096984 0.612155125751742 0.610467378585909 0.609687577298342
0.536940866117711 0.537471973967053 0.537314337175708 0.536513607002168 0.535157383718327 0.533372225622123 0.531316138463257 0.529167484670152 0.524667117668871 0.523025362683243 0.521810732416522 0.521139945614942 0.521081499358877 0.521653751476395 0.522832471045796 0.524564230836979 0.526780138759224 0.529406355138594 0.532370780339649 0.535606788119731 0.539055075422155 0.542664343465806 0.546391214670904 0.550199630579294 0.554059898201801 0.557947530890847 0.561842029469646 0.565725687884352 0.569582523462556 0.573397370562789 0.577155158240489 0.580840367463605 0.584436668851202 0.587926689582488 0.591291905178034 0.59451261912522 0.59756802580284 0.600436337012228 0.603095011284714 0.605521079611922 0.607691636207001 0.609584515277088 0.611179235625188 0.612458208887541 0.613408282735495 0.614022547951507 0.614302382465551 0.614259585338307 0.613918436840117 0.613317460135201 0.612510645532226 0.611077393523036
0.535828897819862 0.536190012799892 0.535830983413836 0.534797529581481 0.533179140449399 0.53110665639607 0.528745182591215 0.526283261799786 0.523919502162363 0.525390262416317 0.523943394815569 0.516922641758587 0.516731520492563 0.517237699612642 0.518411661322187 0.520190769893158 0.522496074606733 0.525244495242776 0.52835598983268 0.531757237542915 0.535383285417327 0.539178053182131 0.543094126223874 0.54709205172539 0.551139328168397 0.555209211309868 0.559279457626893 0.563331110504174 0.567347409640773 0.571312850843639 0.575212434978219 0.579031094764421 0.582753287383247 0.586362732210063 0.589842271301464 0.593173816115383 0.596338388380083 0.599316227784117 0.602086986059062 0.604630036820646 0.606924910782467 0.608951923718873 0.610693026638581 0.612132917449421 0.613260428102204 0.614070177167573 0.614564413138977 0.614754957160466 0.614665054931579 0.614330958728797 0.613802976884759 0.61314574431462
0.534959234846059 0.535142538131824 0.534574453177095 0.533300778527388 0.531412602151745 0.529044701747402 0.526369128969855 0.523584816344524 0.52390229508032 0.52166559063957 0.519956924097507 0.51892792702609 0.518668548592527 0.519199425602902 0.520482376089123 0.522442070331274 0.524986867589306 0.521321323866772 0.524579594471415 0.528142344404936 0.531939547422251 0.535910928244501 0.540005565180056 0.544181087974156 0.548402593603882 0.552641409354711 0.556873809101599 0.561079788984666 0.565241945603495 0.569344528143872 0.57337265756397 0.577311727073064 0.581146967843152 0.58486315700246 0.588444454187445 0.591874326457375 0.595135564124506 0.598210375842225 0.601080559913096 0.603727783606454 0.606133984478363 0.60828193654305 0.610156023213475 0.611743232963187 0.613034412240479 0.61402574213905 0.614720397833636 0.615130276868418 0.615277659172708 0.615196592881066 0.614933789164386 0.614548765551744
0.53433841289535 0.534335629283597 0.533551001299474 0.532030426213356 0.529866118752207 0.527196182592319 0.524199171318165 0.523611515802759 0.520704503052668 0.518156041293739 0.516181790291541 0.514954164407852 0.514574828256143 0.515062433937399 0.516366387970611 0.51839581476954 0.521045401319959 0.524210641046919 0.527794661314615 0.531710711309284 0.535882828743195 0.540245707049189 0.544744091060671 0.549331831659261 0.545858660464516 0.550252925477209 0.554633787297948 0.558980382961065 0.563274806450846 0.567501146991756 0.571644689319732 0.5756912974908 0.579626957895895 0.583437468636631 0.58710824979328 0.590624257065322 0.593969979348303 0.597129519820424 0.600086747124672 0.602825554739562 0.60533022290268 0.607585934222386 0.609579460459197 0.611300062208369 0.612740595589454 0.613898826532262 0.614778900228798 0.615392864249608 0.615762127935095 0.615918664666634 0.615905748442728 0.615777993408552
0.533971970432627 0.533774213480198 0.532765770232537 0.530992657173529 0.528547472132768 0.525570686123893 0.524370977780195 0.520990787989534 0.517740325944529 0.514872294731063 0.51262735389069 0.51120251008532 0.510713059859966 0.511173149368147 0.512514843723495 0.51462789932364 0.517391692321551 0.520691143502132 0.5244221666439 0.528492831967817 0.532823253522497 0.537345032565149 0.542000429190441 0.54674128211093 0.551527754272999 0.55632698334953 0.561111738908915 0.565859145485201 0.570549529089457 0.575165432035557 0.570035689173356 0.57417722056631 0.578200974621857 0.582093725322085 0.5858420957322 0.58943245707075 0.59285091376612 0.59608337314853 0.599115684061482 0.601933872705673 0.604524476167398 0.60687499891292 0.608974539294389 0.610814573933772 0.61238994141898 0.613699993142883 0.614749874525657 0.615551859342948 0.616126601005857 0.616504160113767 0.616724595703413 0.616837892825212
0.533864795869756 0.533462340241303 0.532223054373732 0.530193065368488 0.527464209861066 0.525960599624237 0.522355501127552 0.51862307292194 0.515022007674132 0.511825958747609 0.50930349807935 0.507681453373752 0.507092021292811 0.507541613419209 0.508938516566992 0.511148782905551 0.514035167803618 0.517472358563098 0.521349861006756 0.525571379217376 0.5300537903015 0.534726196186167 0.539528873500192 0.544412073513991 0.549334698331973 0.554262912631594 0.559168782070261 0.56402898990179 0.568823685090826 0.573535493080834 0.57814869158661 0.582648561754404 0.587020905937894 0.591251704278857 0.595326909704555 0.599232348361571 0.602953714205606 0.595080510474081 0.598176471368693 0.601062352615321 0.603726833796724 0.606159642865233 0.608352105504791 0.610297835297565 0.611993603364378 0.613440319075953 0.614644150124363 0.615617660780384 0.616380873049358 0.616962119156995 0.617398486200003 0.617735657983046
0.534021453685705 0.533403384795791 0.531926490424473 0.529636880788772 0.528119222785281 0.524554581454629 0.520609058230008 0.516521172876486 0.512563363976316 0.509030342438331 0.506221399861988 0.504400181796748 0.503721270146218 0.50417892032738 0.505649025418277 0.507969220229455 0.510984976823471 0.514561716432512 0.518583670074879 0.522951059973583 0.527578219038138 0.532392291464941 0.537332027933256 0.542346476275727 0.547393598175655 0.552438848499477 0.557453798117216 0.562414851378827 0.567302093791306 0.572098303387898 0.576788130043842 0.581357442094281 0.585792842715002 0.59008131661137 0.594210024549027 0.598166193822957 0.601937108021636 0.605510188593075 0.608873137618694 0.612014182936393 0.614922399210283 0.617588127449456 0.620003519420109 0.609760479132684 0.611562535599759 0.613130962925268 0.614472948305496 0.615601400489993 0.616535826305889 0.617303017687409 0.61793735798857 0.618480584868507
0.534446457326514 0.533600157663602 0.531879132530412 0.530584690952047 0.527306739409256 0.523427887004459 0.519143632306935 0.514699409047951 0.510380253729685 0.506501212612359 0.503394369489722 0.501369182004396 0.500611802429455 0.501097861898686 0.502659226019022 0.505100409543002 0.508250036727291 0.511966012370307 0.51612868190779 0.520635687318033 0.525399421261002 0.530345544891346 0.535411667169938 0.540545963496627 0.545705738772272 0.550855975973353 0.555967947552654 0.561017928997845 0.565986050568464 0.570855314559235 0.57561077354235 0.580238884644437 0.584727017290886 0.589063105762391 0.593235437676466 0.597232540190949 0.601043173296653 0.604656396096977 0.608061709151932 0.611249286283224 0.614210257823944 0.616937098483722 0.619424104457133 0.621667960356678 0.623668426076241 0.625429087410503 0.626958176430268 0.628269373735047 0.629382527520125 0.630324161397854 0.618352367334626 0.619083485590514
0.537493437254694 0.534054898942323 0.533139827870444 0.530337843069167 0.526777541414232 0.522590737243512 0.517972475248555 0.513173771014198 0.508490839687892 0.504257423984541 0.500838825504451 0.498600876407125 0.497776767984634 0.498313440134953 0.499983264264971 0.50255378049512 0.505838809006792 0.509691295909458 0.51398920173792 0.518628351492739 0.523519661812679 0.528587652563371 0.533769097026655 0.539011572590741 0.544271979187778 0.549515046922596 0.554711933718384 0.559838935943628 0.564876334136218 0.569807425285699 0.574617699908313 0.579294204409683 0.583825046786848 0.588199056051023 0.592405567583566 0.596434311756665 0.600275402634019 0.603919405767211 0.607357475688152 0.61058156449274 0.613584695300018 0.61636130383328 0.618907662659842 0.621222373274486 0.623306940762158 0.625166404343639 0.626810010568924 0.628251850686231 0.629511416969443 0.630613961362046 0.631590538416032 0.63247758033426
0.538373739599689 0.537030093383199 0.534816742283261 0.53037244618351 0.526539521610536 0.522054571680132 0.517110200114373 0.51196184884919 0.506915469687707 0.502321148323124 0.498575373726747 0.496110440349216 0.495232311248603 0.495842850315625 0.497635971891378 0.500340261282427 0.503758749603474 0.507742620138647 0.512168765413099 0.516931643752181 0.521940917160096 0.527120167742038 0.532405553783146 0.537744293928527 0.543093113374261 0.548416706403946 0.553686303048869 0.558878365269852 0.563973440042159 0.568955189206492 0.573809579949785 0.578524248636092 0.583088019492806 0.587490562782477 0.59172218593023 0.595773724196077 0.599636531108195 0.603302545408247 0.606764422336103 0.610015734825914 0.613051224398546 0.615867113864227 0.618461477209414 0.620834664698567 0.622989788914843 0.624933240574909 0.626675222412597 0.628230249055992 0.629617551015801 0.630861297292273 0.631990521840728 0.633038652509825
0.539549954095079 0.537923699413547 0.535453854250665 0.532173288187159 0.528113790270577 0.521832498453044 0.516572862582115 0.511082585891048 0.505676119397795 0.500717061535573 0.496629104636131 0.493917287534754 0.492998059577 0.493703788034337 0.495631201014796 0.498468974649248 0.502015533648656 0.506123786017324 0.510670266751736 0.515548009890388 0.520665352295385 0.52594500794483 0.531322696539396 0.536745516488435 0.542170267953145 0.547561844417697 0.552891745593944 0.558136762350054 0.563277822878861 0.568299032055845 0.573186872270108 0.577929577297208 0.582516660788728 0.586938584521003 0.591186552659635 0.595252411186512 0.59912863780562 0.602808412123622 0.606285742036084 0.609555661721061 0.612614455808017 0.615459955479473 0.618091856089892 0.620512088361676 0.62272521911719 0.624738866770967 0.626564120384146 0.628215906458877 0.629713260125016 0.631079422903863 0.632341674289121 0.633530807803096
0.541028944497665 0.539086562820266 0.536357132406963 0.532857415559911 0.528575122871929 0.523583899607151 0.516378006272158 0.510555811242815 0.504795941002773 0.49947057114616 0.495023413421616 0.492048445600087 0.491089477107757 0.491909301903698 0.493979499432852 0.496945642340413 0.500612260990631 0.504837284473515 0.509496390539058 0.514480413968351 0.5196960292368 0.525065108310173 0.530523170098638 0.536017499967679 0.541505292910931 0.546951915817809 0.552329371560754 0.557614953608459 0.562790097937924 0.567839430769855 0.572749989548659 0.577510609085689 0.582111467243332 0.586543766221648 0.590799532962092 0.594871529319715 0.598753244205648 0.602438967105957 0.605923915296369 0.60920441864894 0.612278139684849 0.615144334116474 0.617804141166352 0.620260894167177 0.622520452964758 0.624591536135441 0.626486028095972 0.6282192352829 0.629810039982424 0.631280885067987 0.632657524691883 0.63396845174303
0.542822177987635 0.540513697381886 0.537525521007873 0.533838356785363 0.529363545936983 0.524140732758328 0.518346747432543 0.512251841257449 0.504299719586371 0.498613333426326 0.493772458215909 0.490460996607891 0.48949073349982 0.490469076542317 0.492687498288383 0.495770798640207 0.49954887230543 0.503884859296729 0.508650719657004 0.513733540005498 0.519037967337182 0.524485280262892 0.530011260709732 0.53556387411568 0.54110113662736 0.54658923981541 0.552000949271635 0.557314252342989 0.562511219196852 0.567577075413199 0.572499443539098 0.577267761985662 0.581872842891702 0.586306570984757 0.59056172337644 0.594631878776833 0.598511428838507 0.602195642449719 0.605680802588175 0.608964379438088 0.612045242408482 0.614923896689016 0.617602743218312 0.620086342207697 0.622381685865204 0.624498448145639 0.626449210783145 0.62824961283922 0.629918400371235 0.631477321601294 0.63295079926077 0.634365325282021
0.544953606615006 0.54219638918015 0.538962052133197 0.535144523790972 0.530515366667739 0.525074856269751 0.51901065586063 0.512618525672077 0.506254502461941 0.498203035037885 0.492963694270653 0.489157211866008 0.488257819711865 0.489409011772581 0.491752261494058 0.494935710034386 0.498822212304403 0.503269511390525 0.508140067397724 0.513315752383666 0.518699587415828 0.524213197254051 0.529793559893666 0.535390077183578 0.540962156165221 0.546477218331879 0.551909076761358 0.557236599391372 0.562442606135772 0.567512982294537 0.572435961319029 0.57720156616408 0.581801206783658 0.586227389266684 0.590473558066163 0.594534015973072 0.598403938436007 0.602079451288351 0.60555775831755 0.608837319194378 0.611918043581857 0.614801515253917 0.617491219614657 0.619992766927388 0.622314116210441 0.624465758367547 0.626460859067482 0.628315326929282 0.630047775204428 0.631679330347534 0.633233250009156 0.63473428420269
0.547489932021601 0.544121280995514 0.540692836938699 0.536850870915331 0.532100777775244 0.526433452788562 0.520074399961893 0.513357548802026 0.506690998816729 0.500539745732622 0.495275243563543 0.488452235746638 0.487591229195254 0.488690760695833 0.491128831521354 0.494417134592928 0.498429962793979 0.503000838988724 0.507978685082586 0.513241847954488 0.518694353858395 0.524260332762876 0.529879477443142 0.535503638096694 0.541094265581755 0.546620428331353 0.55205724280777 0.557384612318919 0.562586190725609 0.5676485561839 0.572560543483042 0.57731273297096 0.581897073225319 0.586306623008401 0.590535404414795 0.594578341370299 0.598431282387477 0.602091081682384 0.605555726395167 0.608824513501156 0.611898236169549 0.6147793848749 0.617472358138542 0.619983646422151 0.622322014292931 0.624498621992599 0.626527105537339 0.628423571803908 0.630206482872378 0.631896400192053 0.633515547283544 0.63508715565417
0.550676699464849 0.546286227882281 0.542890818527566 0.539149401127189 0.534237697421519 0.528285122209623 0.521572854155078 0.514455257630398 0.507365004258279 0.500873196767774 0.495841796044495 0.491457242193007 0.48655714824568 0.48802219413776 0.490715421820437 0.494190552037028 0.498386966017186 0.503106038032603 0.508194247318374 0.513535967692176 0.51904205394823 0.524642436361812 0.530281359923905 0.53591414719952 0.541504863405133 0.547024540039039 0.552449765258476 0.557761553424545 0.562944411917438 0.567985594458935 0.57287449762948 0.577602196176685 0.582161106357122 0.58654474950314 0.590747630492824 0.59476518792873 0.59859382548444 0.602230996874322 0.605675340330011 0.608926843346447 0.611987023981924 0.614859121081123 0.617548278757563 0.620061703723022 0.622408804610792 0.624601269911546 0.626653088588064 0.628580486422735 0.630401744272671 0.632136893107893 0.633807230269986 0.635434655376689
0.555191923458296 0.550212070143438 0.546454770377404 0.54234470547892 0.537048926847297 0.530704401582059 0.52357321918806 0.515973310155719 0.508268551081205 0.500872794246826 0.494169612553841 0.488198615242002 0.486609595759976 0.489388894172838 0.49039400025229 0.494299201817049 0.49876086233819 0.503644077113155 0.508832641618637 0.514232744282748 0.519768670085632 0.52537904114427 0.531013956024207 0.536632788125666 0.542202462378308 0.547696045791768 0.553091595531048 0.558371189958144 0.56352012019405 0.568526236975114 0.573379410205725 0.578071117081948 0.582594139821002 0.586942362637894 0.59111066335192 0.595094882635604 0.598891857360198 0.602499518519339 0.605917015912126 0.609144887784738 0.612185228656193 0.61504187049565 0.61772054223397 0.62022900894425 0.622577169377806 0.624777102284354 0.626843032947966 0.628791220073296 0.630639729501946 0.632408072508499 0.63411670785735 0.635786357192315
0.560977651386151 0.55616450576274 0.551452347546849 0.546434137176334 0.540545599054416 0.533735167806526 0.526170299573663 0.518096560377756 0.509779733649621 0.501445073054233 0.493148334973828 0.484865381656924 0.484758782571201 0.488833400556548 0.493032505794115 0.497334772670571 0.499699702254608 0.504707825316336 0.509955048859007 0.515374099995166 0.520903824780479 0.526491588456217 0.532093078599266 0.537671396629974 0.543196018054903 0.548641780979527 0.553987977231059 0.559217553154407 0.564316415831861 0.569272857146515 0.574077082499292 0.578720842755584 0.583197165836683 0.587500176856125 0.591625007468123 0.59556777956764 0.599325643849513 0.60289687722255 0.60628101371206 0.609479000826553 0.612493369457389 0.615328392172389 0.61799023677215 0.620487070383723 0.62282914194594 0.625028780219514 0.627100334845344 0.629060013918265 0.630925617198673 0.632716148352388 0.634451283880398 0.636150694432729
