R/Data/side_v1_12_5.asc
NCOLS 365 
NROWS 740 
XLLCORNER 0.791666667335165 
YLLCORNER 6.2083333340009 
CELLSIZE 0.00833333332967033 
NODATA_value -9999 
[rows 161 to 183 of 740, columns 104 to 155 of 365]
0.0757138304331205 0.0810957279844107 0.0864259938298945 0.0919188965221117 0.0975308884104519 0.103211405232597 0.108903732857314 0.114546450237715 0.116764612753989 0.121863182601969 0.126721557823675 0.131289507889148 0.134343131910952 0.138007269305707 0.141287766965375 0.144179107548716 0.146684222336542 0.148812548581641 0.150577972813688 0.155330760653696 0.156463028153924 0.157196656749249 0.157633762534662 0.157601117574096 0.157486438433445 0.157110050059199 0.156478617648745 0.155596890653276 0.154467973691658 0.153093644614472 0.149699307402893 0.147857526008576 0.145774234088517 0.143449120484425 0.140531373274753 0.13697179943713 0.13393269287456 0.130666125151733 0.127180881073715 0.123489360814986 0.119608114605004 0.112134547937978 0.108011860923318 0.105516563391443 0.101171254740818 0.0967876572585702 0.0924081730686101 0.0878152517406138 0.0835746867456656 0.0794673617466445 0.0755302660616538 0.0717942168903465
0.076455170670755 0.0819241773608187 0.0873402311277773 0.0929201869928649 0.0986195176306155 0.104386632339901 0.110163775513857 0.115888489148928 0.118158039270195 0.12332517480531 0.128246370297459 0.132870982850717 0.13715709418131 0.139747365738216 0.143067256606274 0.145992486506103 0.148526845715303 0.150680712680356 0.152468926322939 0.153908773927465 0.158414289194414 0.15916839912988 0.159435800081348 0.159613582027227 0.159521200446697 0.159167554282691 0.158559269439772 0.157700912916938 0.15659527345217 0.155243686107149 0.151817491255971 0.14999491328944 0.147928311888954 0.145616405197661 0.143058601293017 0.138197200326894 0.136079635979321 0.132799915448322 0.129292032570093 0.125567190462959 0.121640912319797 0.114040817091617 0.109848514990885 0.105529796598478 0.101120822331426 0.0983804026720577 0.0938870208807945 0.0891746212618142 0.0848116454667137 0.0805828824839866 0.0765288318433067 0.0726835121275324
0.0772178785633056 0.0827743006966241 0.0882761383156712 0.0939427285288555 0.0997285375408201 0.105580942686143 0.111441160514302 0.117245741384245 0.119561878637564 0.124794878942936 0.129776072127799 0.13445451429688 0.138788253313995 0.142745865221654 0.146307034990253 0.147797338907718 0.150359216438895 0.152537337471691 0.1543475080563 0.155807913503811 0.160354797605276 0.160933776081004 0.161415931077535 0.161617101600654 0.161548819645911 0.161220072143286 0.160637425947985 0.159805255893554 0.158726027060061 0.157400613237237 0.153947046420406 0.152147694370271 0.150102088334836 0.14780793101582 0.145263503278165 0.140356433631866 0.137334401461836 0.134978569906248 0.131452788483061 0.127699033146324 0.123731617293914 0.116009504558457 0.111750057177325 0.107350333123622 0.102847048917979 0.0982823015373302 0.09370259690071 0.0905912029433282 0.0861007716950921 0.0817448423299027 0.077567840645006 0.0736074256436572
0.0780022449764989 0.0836462350791308 0.0892336726639962 0.0949862627475405 0.100857439034865 0.106793545224476 0.112734794879608 0.118616792092384 0.120974205215451 0.126270051735456 0.131308123711983 0.136037290349729 0.140415689549342 0.1444122483045 0.14800724197504 0.151191852035419 0.152178109418786 0.154379194828125 0.156210517831293 0.157596223461482 0.158747894191248 0.162876528875412 0.1633827367076 0.163608845352667 0.163566591319172 0.16326502161146 0.162710632260644 0.161907595932004 0.160858042485877 0.159562385963934 0.156085985912445 0.154314054808888 0.152293926142711 0.150022283042378 0.14749623399606 0.142549631977942 0.139533426106933 0.136264798614251 0.130755910918055 0.129885684355249 0.125881565828495 0.11804228004868 0.113718740661033 0.109239919944744 0.104642889369404 0.0999709018721845 0.0952724900804737 0.09206890233344 0.0874458081557545 0.0829566655518856 0.0786502873259629 0.0745684763907975
0.0803040429693173 0.0858590884549937 0.0916149993383806 0.0975300476872293 0.103555109409203 0.109634259796222 0.115705843154726 0.121704066666319 0.124126330146817 0.129503022496087 0.134606669025845 0.139387036397642 0.143803647273325 0.14782721973354 0.151440111853898 0.154635751861173 0.157417218639922 0.157893623545186 0.159617675297952 0.161104054223199 0.162264931990779 0.16643543520271 0.166960127066091 0.167209898763595 0.167196856872508 0.166930142514744 0.164776328846917 0.164005510450075 0.162989040671509 0.159726729895073 0.15823221518914 0.156492057421258 0.154502082558164 0.152257928106826 0.149755512203355 0.144775667379513 0.141770967600189 0.138505723500768 0.134982721464519 0.129204662404051 0.125215452578675 0.120140723086996 0.115756784808665 0.111201393742163 0.1065117360762 0.101732035435055 0.096912771328246 0.0921091938982959 0.0888508701679756 0.0842221465305718 0.0797795068936392 0.0755694794019976
0.0811151161237973 0.08675201783403 0.0925898147072666 0.0985856739446929 0.104689403198762 0.11084409254078 0.116987207349351 0.123052221705498 0.125498647090799 0.130926201816125 0.136074644238987 0.140893920878623 0.145343982702306 0.149396207216588 0.153033784295334 0.156251100438934 0.159052240754504 0.159479672166665 0.161332171476225 0.162839104536911 0.164021506972642 0.164899179525321 0.168795274170515 0.169072832570056 0.169089725870971 0.168855111508287 0.166831843121865 0.166096467830152 0.165116636930138 0.161841384154884 0.160383538226867 0.158679665815117 0.156724698076077 0.154513219402738 0.152039935219462 0.147033264617813 0.14404608386525 0.140790388229356 0.137267151358741 0.131442200176923 0.127428064169269 0.122306306663513 0.117866356839654 0.113237610570362 0.108457080816041 0.103569724787679 0.0986278244481468 0.0936895880286209 0.0903204841112057 0.0855454930419745 0.0809592175618276 0.0766135760154707
0.0814361507965725 0.0876655235696644 0.0935842105285947 0.0996593090285647 0.105839546600449 0.112067046164923 0.118278453822887 0.124406591723789 0.126870052003671 0.132344331956534 0.13753343776477 0.142387649536114 0.146867490093353 0.150945109051769 0.154604629136548 0.157841449323182 0.160660691673598 0.163075076398619 0.163016468245176 0.164544007837017 0.165748503548304 0.16665024934799 0.171904965413757 0.170912327211481 0.170961446804941 0.170761559935008 0.168874392945472 0.16817783709924 0.167238349089727 0.163954517259281 0.162537658858526 0.160874744226397 0.15895981424143 0.156786401067121 0.154347987196761 0.151638524197679 0.146357684087389 0.14311809715711 0.139601287373939 0.135809922967979 0.129703448628468 0.123931250488539 0.120049563142194 0.115351441114824 0.110482516087888 0.105488182592041 0.100422327835678 0.095346058091694 0.0903254330802579 0.086931375787233 0.0821935707430001 0.0777042796776204
0.0823068716099959 0.0880554653962948 0.0945978808269318 0.100750356909954 0.107004621156884 0.113301855239321 0.119577946003605 0.125765163946134 0.128237937178194 0.13375446036337 0.138979792702962 0.143864706783885 0.148370443195653 0.152470049727295 0.15614866819906 0.159402771893302 0.162238547875759 0.164669706461888 0.164666866746658 0.166215179304987 0.172224276448807 0.173113472288679 0.173713714930305 0.174041494672034 0.172809082594207 0.172646705252998 0.1709010745074 0.170246867691258 0.169351583329249 0.166063579166128 0.164692179566915 0.163075055260131 0.161205370002061 0.159075612322005 0.156678043086056 0.154005189390684 0.148704546379976 0.145488006282347 0.141984756445161 0.138195271544099 0.132042228552025 0.126219261533749 0.121700204304884 0.117545745923345 0.112591723506807 0.107491825983677 0.102301262241434 0.0970839165960544 0.0919101517275309 0.0883849914721059 0.0834872096943488 0.0788455279278111
0.0831970670674629 0.0890255616924951 0.0950541724884078 0.101858123280582 0.108183589511494 0.114547110710428 0.120883891046141 0.127125760248407 0.12959950794568 0.135153448108625 0.140410259806406 0.145321382795066 0.14984892662483 0.153966965046183 0.157661746391123 0.160930878300632 0.168670874836864 0.171141401652225 0.173214456691736 0.172717906952905 0.173940706523263 0.174857854611685 0.175489189542588 0.175851336696233 0.168783167001871 0.168690210329838 0.172908852286228 0.172300686430641 0.171453633247112 0.168165918706754 0.166844596928966 0.165278261076487 0.16345920597485 0.161378897337449 0.159028375714063 0.156398748165032 0.149392396924223 0.146228760266527 0.144417044875197 0.140637169015325 0.132861661195364 0.128577743894632 0.124021364029131 0.119216711401597 0.114197972411827 0.109585272195226 0.104269939361894 0.0989089273210646 0.0935769192030597 0.0883533615311757 0.0848453570012861 0.0800417544081336
0.0841068106750224 0.0900139612536618 0.0961185326230799 0.102375775963191 0.109375295717951 0.115801272405205 0.122194347476923 0.128486035581047 0.130951789034489 0.136537968647591 0.141821206014127 0.146753787540282 0.151298852490672 0.155431622982882 0.159139552644581 0.167319058998152 0.170223664067455 0.172711426360211 0.174804082863116 0.176525885510764 0.17561705876161 0.176563601508128 0.177227943403449 0.177626790638077 0.170485809339452 0.17043444034419 0.170160401531314 0.169664667037959 0.168945660060914 0.171451078725117 0.170212868002226 0.168734362282124 0.16700643885014 0.165018870528614 0.162760692669041 0.160220654215037 0.153218697734523 0.150130675980079 0.146735650105496 0.143027516129219 0.136865800088025 0.132585785187058 0.128003748451543 0.123139615355489 0.118024167303474 0.112894951965878 0.107410522375282 0.101844054197393 0.0962759187655447 0.0907943354360933 0.0854900353551848 0.0823266664935911
0.0850361115455155 0.0910204026871427 0.097198724426002 0.10352497693117 0.109946983872245 0.117062640599685 0.123507204576304 0.129843471537008 0.132291610251591 0.137904502224482 0.143208808632829 0.148157844748361 0.152715950228292 0.161670878883413 0.165464299142043 0.168815068650184 0.171733618291067 0.174237692056677 0.176349776755569 0.178094685222458 0.177249434961652 0.178226956798514 0.178926366780143 0.179364406909227 0.172152087893585 0.172145360282724 0.171919920688141 0.171476487117513 0.170813146428152 0.169925624605006 0.172247484634822 0.170831012365536 0.169166076412162 0.167241522393647 0.165045271355801 0.162564732656796 0.155537973513956 0.152499569821927 0.14914656013207 0.145470297910228 0.13928982979321 0.135014317957616 0.130417671027955 0.125516717494638 0.120339592408138 0.114927612944465 0.109526691210217 0.103818789480952 0.0980875327098777 0.0924274588170402 0.0869380098501882 0.0836227876322411
0.0859849028804849 0.0920445292312842 0.0982940571139367 0.10468601925948 0.111167109759883 0.117679033095035 0.124820175465464 0.131195360304346 0.133615606993753 0.139249335415703 0.14456905053327 0.149529299437121 0.158856922553014 0.163102476110836 0.166904632897127 0.170265341662538 0.173196128891757 0.175715638212809 0.177847048409346 0.179381907624778 0.180772485078069 0.179843993317775 0.180580684114709 0.181060560608211 0.173778455726202 0.173819569102412 0.173646240473327 0.173258920214747 0.172655362884743 0.171830894796201 0.170778660652654 0.172920899171486 0.17132463082288 0.169469205460705 0.167341469294441 0.164927525216451 0.157881980100301 0.15490113257663 0.151598658874478 0.147963309010078 0.141771488874667 0.137510183891176 0.132908517884824 0.12797976327036 0.122748822654711 0.117254565076367 0.111551701947025 0.105897302283736 0.0999995770744956 0.0941540794739758 0.0884695047318843 0.0830540246712693
0.0869530326320791 0.0930858756087332 0.0994037125322568 0.105857690703092 0.112393413432294 0.118951845327968 0.125422470722454 0.132538808008042 0.134920220653188 0.140568565912132 0.145897738723411 0.155555322741804 0.160239702217395 0.164489666021699 0.168297053006704 0.17166510452071 0.174606436883087 0.176997950028393 0.179095993722264 0.180843060908221 0.182264438250685 0.183383634964055 0.181362600552774 0.175055849434094 0.175361198100657 0.175453501302771 0.175335941158819 0.175008698486663 0.174469198073668 0.173712381018975 0.172730927984377 0.1715154943921 0.173479841690543 0.171699891739984 0.169647513573208 0.167307549307202 0.160249230727812 0.157334174272297 0.154091130894408 0.150506213012253 0.146568504839505 0.140073903024895 0.135477721414301 0.130531284417859 0.125255647722314 0.119686486854331 0.113876590804062 0.107897494758722 0.102020525605063 0.0959829008227618 0.0900927840170259 0.0844712447750254
0.0879402450488925 0.0941438537937656 0.100526721608884 0.107038613121715 0.113624076704665 0.120223437895925 0.126727508256037 0.133095327335352 0.136201687275509 0.146312195399982 0.151794506023669 0.156893664395091 0.161577745131291 0.165827620653475 0.169636664629673 0.173009443103907 0.175864779529081 0.178354619988333 0.180473326469626 0.182246830140611 0.183700547214469 0.182004497865177 0.182836644637671 0.183425724827807 0.176896401980324 0.177043383276009 0.176985400785269 0.176722350607481 0.176251341261941 0.175566936031487 0.17466138106043 0.173524806978187 0.172145426689556 0.173931409549726 0.171961518089084 0.169703240285043 0.1671393778192 0.159797530603832 0.156623208538664 0.153098740821642 0.149210051104911 0.14270606930999 0.138126827980773 0.133173980495459 0.127864120015654 0.122228922505494 0.116318325422863 0.110202981846989 0.103975223491662 0.0979239017327778 0.0918174748781016 0.0859758321423464
0.088946169129256 0.0952177342561964 0.101661959319189 0.108227226636857 0.11485709274959 0.121491344206552 0.128022031808019 0.134403797703783 0.140583002558208 0.147614082101879 0.153093873889258 0.15818791246599 0.162866183231378 0.167111365783565 0.170918440866287 0.174249192062427 0.177143431785748 0.179647836455905 0.181787411772567 0.183588305293179 0.185075984119574 0.183377798607401 0.184253738077723 0.184892916263508 0.18530702356157 0.17858521365287 0.178590751282757 0.178396159224944 0.177998229490296 0.177391169325403 0.176566811123843 0.175514798037329 0.174222754708967 0.172676452240191 0.174281420344536 0.172112896383734 0.169637177868627 0.16229005895092 0.159194182349904 0.155740719566235 0.151912402638212 0.145407420196052 0.140857569030477 0.13591082962612 0.130578691330685 0.124887984418238 0.118884752783329 0.112637649240161 0.106239946996272 0.09980920389195 0.0936549355001655 0.0875778833749476
0.0899702965439912 0.0963066294205411 0.102808117031615 0.109421777871485 0.116090237770998 0.122752876060946 0.129302859435368 0.135691039087825 0.142286619718311 0.148135680526822 0.15435076984485 0.15943319482567 0.164100002520799 0.168335795919296 0.172145946122618 0.17545264304038 0.178354047910085 0.18087242328718 0.183033121562801 0.184862414133859 0.186385731505834 0.184686542558695 0.185608942845862 0.18630134399987 0.186775130629328 0.187037932983369 0.180147840884093 0.180026103551839 0.179705991935655 0.179181371639041 0.178443694521845 0.177482150192616 0.176283823643909 0.174833825061993 0.173115429050612 0.171110248276872 0.172085957262529 0.164810592664013 0.161803374603144 0.158432073902708 0.154676227559872 0.148178903104043 0.143671969137352 0.138745202632304 0.133404365160095 0.127670550472522 0.121584772444628 0.115212367387818 0.108646240096959 0.10200785427324 0.0954447139139975 0.0892897003109401
0.0910119626373037 0.0974094746411931 0.103963693333542 0.110620296671581 0.11732107150597 0.12400512274899 0.130566578281895 0.137395036687209 0.143509744182854 0.149341534599157 0.155560352160016 0.160624490215043 0.165411669416719 0.169558249707191 0.1732791040769 0.176584253442608 0.179491316137975 0.182023094883892 0.184205197071417 0.186063928868951 0.18762459641732 0.18592551038387 0.186897076017792 0.187645867449679 0.188182931142762 0.188515546614875 0.188647428651651 0.181607817578285 0.181370386672586 0.180933453709417 0.180288114000539 0.179423149139918 0.178325156374024 0.176978642599702 0.175366132791975 0.173468291094457 0.171264090800218 0.167357850477692 0.164450072003923 0.161172774310928 0.157502342558399 0.15102170351325 0.146572412277283 0.141680986691775 0.136346875747208 0.13058452558326 0.124428682844914 0.117939855679206 0.111208965904618 0.104359929858052 0.0975487722277193 0.0909579708072511
0.0920703294662051 0.0985250058419981 0.105126964556414 0.111820585437631 0.118546912488204 0.125244932842301 0.132267828290047 0.138598928426551 0.144694276498447 0.150500809024221 0.155972932533552 0.161948849563395 0.166499235210102 0.170628155860305 0.174337528648998 0.177638606732694 0.180549828603246 0.183094453100002 0.185298251322722 0.187187471353719 0.188787200053344 0.187089266470544 0.18811269790031 0.188921043688349 0.189524983574955 0.189931432383174 0.190143749173575 0.190161977030371 0.182986730046389 0.182642847297585 0.182095650792618 0.181333561592169 0.180342745339053 0.179107176654898 0.177608708024543 0.175827144910336 0.17374034690374 0.16655396255107 0.167133361227615 0.163962699307817 0.160391597719942 0.153937212024384 0.149561638882612 0.144722646756556 0.139412829983945 0.133639093450306 0.127428594564538 0.120835304972397 0.113946186449088 0.106885641324724 0.0998166863751461 0.0929376026112969
0.0931443538628256 0.0996517376317472 0.106295973228374 0.113020196338482 0.119764825730252 0.126958593075436 0.133457034567095 0.139768171506917 0.145835518864497 0.151608567823221 0.157044514399101 0.162109772930632 0.16751494216065 0.171621471370591 0.17531574954289 0.178610229986236 0.181524110807324 0.184081019684355 0.186306792976562 0.188227524158796 0.186873136844642 0.188172164197463 0.189250119082935 0.190121136351266 0.190795499731728 0.191279748824914 0.191576898317181 0.191686657689713 0.191605665390595 0.184304426034276 0.183861284918854 0.183208513690122 0.182331910586297 0.181214998272173 0.179839048643937 0.178183110411313 0.176224049727667 0.169064344225444 0.166466565500942 0.16182519823925 0.158470056660849 0.15692686256403 0.152642638416834 0.147875166337625 0.142609745464855 0.136844891918761 0.130598834943351 0.123917111154632 0.116880357932654 0.109610838004401 0.102276085421245 0.0950885965614632
0.0942327732035219 0.10078794238683 0.107468502110323 0.114216419364454 0.120971616721932 0.128136507735829 0.13461611065726 0.140898159460833 0.146928595758722 0.15265973771168 0.158051809195846 0.16307423957826 0.168453303614477 0.172532693398377 0.176208258784579 0.179493617518458 0.182408645706036 0.184977253545471 0.187225244396768 0.189178455983701 0.187821287994406 0.189168354192653 0.190303395723182 0.191240099100046 0.191988324538876 0.192554237349956 0.192940505477873 0.193146537481846 0.193168690013417 0.193000464518468 0.185579281867768 0.185042352157451 0.184287134694642 0.183296789814781 0.182052112352363 0.180531516030813 0.178711014789907 0.171587616265206 0.169125192786035 0.164574150106538 0.161347783160799 0.157686984839035 0.155818337001512 0.151143772810666 0.145945828136693 0.140213923821582 0.133956089405649 0.127207469759839 0.120039680960241 0.112569470060496 0.10496502226939 0.097449284854394
0.0953340701833199 0.101931626130706 0.108642063352581 0.115406264068476 0.122686745590097 0.129289208061523 0.135740552443524 0.141984088800551 0.14796847516506 0.15364912770575 0.158989532279882 0.163962306305778 0.168549852473253 0.173356315280718 0.177009553548554 0.18028325501591 0.18319790200591 0.185777583240655 0.188047969144098 0.190034546496284 0.188674753460011 0.190071806204635 0.191266351151419 0.192271593429242 0.193096948137674 0.19374819878424 0.194227687353669 0.194534543182032 0.194664888742888 0.194612014779954 0.19436651808039 0.186828509872749 0.186201892100922 0.185346128230951 0.184241664854454 0.182866417083847 0.181195713339648 0.174119821154 0.171805603371643 0.169117392937318 0.164276279119763 0.160755697026921 0.156332092026214 0.151848439618062 0.146823370862115 0.14123647612735 0.135084073726479 0.130732296115833 0.123458892219353 0.115806201577901 0.105173958606426 0.0974341438801038
0.0964464553593896 0.10308050696216 0.109813867329896 0.117153310169584 0.12383523782183 0.130412301997884 0.136825631808387 0.143020973090298 0.14894998884628 0.154571464186195 0.159852356718526 0.16476863090838 0.169305700254103 0.174086850753211 0.177714164533693 0.180973670918447 0.183886373018864 0.186476441599373 0.188769309605303 0.190790012309546 0.189427527463483 0.190876338578738 0.192132604712245 0.193209008723338 0.194114511654928 0.194854512628994 0.19543104260622 0.195842987589821 0.196086282608826 0.196154076361474 0.196036846252033 0.195722470884936 0.188068485230278 0.187355284844335 0.186400016052999 0.185180270232382 0.183670872102305 0.176655516517242 0.174502956020773 0.171979186109247 0.167253060869363 0.163891951754715 0.15960995088874 0.155268849775166 0.150367911979568 0.144877239815648 0.138781522612376 0.132089809741491 0.124847495447214 0.117148695513641 0.10914604199809 0.100366690282875
0.097567839466564 0.104231996679181 0.110980826911367 0.118298005058083 0.1249593796238 0.131501146116753 0.137866416390482 0.144003669026997 0.149867872966102 0.155421421309234 0.16063495174221 0.165487911865097 0.169968800404313 0.174718899988365 0.178316707497793 0.181559473231699 0.184468623095607 0.187068312994873 0.189383628875376 0.191439062720522 0.190073543098336 0.191575658301364 0.192895601862106 0.194045504041826 0.195033855053105 0.195865668765718 0.196542688118656 0.197063589403683 0.197424174190594 0.197617518567783 0.197634073833488 0.197461717689589 0.197085748870051 0.189315046861131 0.188517794808618 0.18746362161913 0.186127073519196 0.184479603748296 0.177210277506671 0.174866982027856 0.170273496820595 0.166615840910712 0.162974456510747 0.158803463523317 0.154058586990124 0.148700742653285 0.142702946133553 0.136060552537201 0.12880462361069 0.121016625109244 0.11284040901235 0.104486978123803
