R/Data/side_v1_12_10.asc
NCOLS 365 
NROWS 740 
XLLCORNER 0.791666667335165 
YLLCORNER 6.2083333340009 
CELLSIZE 0.00833333332967033 
NODATA_value -9999 
[rows 322 to 344 of 740, columns 208 to 259 of 365]
0.0737937386068036 0.0742408494476848 0.0746270991551979 0.0749461938164643 0.0751938362833816 0.0753677714764159 0.0754674886631654 0.0754934514136661 0.0754458198050208 0.0753227819007251 0.075119061227834 0.0748256437285639 0.0744317492855242 0.0739291635570138 0.0733177832319671 0.0726108902892158 0.0718392780121265 0.0710539412847775 0.0703262092889545 0.0697399276198482 0.0693620545661072 0.0691950000086106 0.0691714320086443 0.0692019576242406 0.0692100747697915 0.0691409164369353 0.0698580348352042 0.069562824720351 0.0691284221407971 0.0685541320702741 0.0678444858783755 0.0670073086632914 0.0660523949082463 0.0649906324025348 0.0638334432136672 0.0625924471167604 0.0611719991566942 0.0598247026009266 0.0584282536091194 0.0569942509625788 0.0555343360290632 0.0540602400255664 0.0525838164341743 0.0511170459486164 0.049672007222697 0.048260816009344 0.046895532872725 0.0455880502987652 0.044349971125831 0.0431924833061181 0.0421262503364179 0.041161311589029
0.0739872580524995 0.0744548144963204 0.0748599482069135 0.075196056816808 0.0754588238174092 0.0756463754371064 0.0757590837038318 0.0757988573314622 0.0757677866763153 0.0756661695217937 0.0754904411440293 0.0752323063578546 0.0748805564356646 0.0744258460418966 0.0738668112263418 0.0732153879091812 0.0725001309507892 0.0717671928438668 0.0710780154094922 0.0704997816958681 0.0700819877298763 0.0698267100627076 0.0696860716575553 0.0695914462698855 0.0694793901427832 0.0693013410532524 0.0690242783765079 0.0696000471181037 0.0690917641035927 0.068453368373845 0.0676874429979696 0.0668000405448208 0.0657994248972566 0.0646952023115572 0.0634977467594953 0.062217839027173 0.0608664607993975 0.0592722782024896 0.0578352986881657 0.0563603574005126 0.0548590010876206 0.0533429642046784 0.0518241831704036 0.0503147865294827 0.0488270471782753 0.0473733025878215 0.0459658474617899 0.0446168040940288 0.0433379880645496 0.0421407758279196 0.0410359909147942 0.040033807289152
0.074226262391211 0.0747183202313787 0.0751465540708775 0.0755039866167351 0.075786211748911 0.0759916761240669 0.0761216067052098 0.0761793974455193 0.0761692270732834 0.0760937587645606 0.0759513434337376 0.0757342770937643 0.0754303073783035 0.0750279854762979 0.0745236216394646 0.07392683276462 0.0732632346631259 0.0725741518505265 0.0719127648967146 0.071334200351158 0.0708770521727142 0.0705439036485608 0.070300017053886 0.070092144488714 0.0698677896053311 0.0695845268153191 0.0692120481815771 0.0687310595572758 0.0691766144504122 0.0684684372047205 0.0676399988651012 0.0666959319436833 0.0656431997824053 0.06449027303272 0.0632465631877608 0.061922058020903 0.0605271041149441 0.059072293921905 0.057306686780495 0.0557867846679847 0.0542403011518728 0.0526789594133842 0.05111476605998 0.0495599854031056 0.0480270732098532 0.0465285820731729 0.0450770345677039 0.0436847784801538 0.0423638401978271 0.0411257826954123 0.0399815895235679 0.0389415701427578
0.0745081274991766 0.0750283933821255 0.0754835077944044 0.0758660295000059 0.0761713691441018 0.0763982029625254 0.0765485486194759 0.0766272976358986 0.0766408695563594 0.0765946235004697 0.0764891706691814 0.0763173818584595 0.0760653516199598 0.0757185784594946 0.075270161970419 0.0747267869895679 0.0741108861234858 0.0734592996846117 0.0728184085612984 0.072234510504816 0.0717391767345795 0.0713359078300145 0.0709993835417032 0.0706880885610332 0.0703587097570703 0.0699745285661112 0.0695081904278589 0.0689415031861002 0.0682640612510414 0.0685904130655124 0.0676948594613464 0.0666891201889908 0.0655790931077937 0.0643722735243614 0.0630772185712272 0.0617031911584412 0.0602599433387722 0.0587575994858194 0.057206611731101 0.0552739268124226 0.0536789902413949 0.0520692936162855 0.0504569078990367 0.0488542260970545 0.0472738827853359 0.0457286397660224 0.0442312439391797 0.0427942673722369 0.0414299457383876 0.0401500302569073 0.0389656666515815 0.0378873049346145
0.0748303328882595 0.0753822165693667 0.0758676095516799 0.076278495404337 0.0766099806972206 0.0768608528616923 0.0770338271388698 0.0771352715847415 0.0771740058385545 0.0771585119706088 0.0770922238944186 0.0769687486074551 0.0767719098050631 0.0764831491258288 0.0760915681908293 0.0756005294233904 0.0750292637237766 0.0744105761727247 0.073785289959652 0.073193182702147 0.0726612250290673 0.0721940369778026 0.0717733803695251 0.071366920650258 0.0709390946242209 0.0704584031302636 0.0699004872456831 0.0692485458293374 0.0684925119436745 0.0676278027524373 0.0678450624921878 0.0667738511052363 0.0656024375026054 0.0643375015610129 0.0629868586666407 0.0615591264880741 0.0600635155981323 0.0585097159512403 0.0569078523449757 0.0552684759317545 0.0536025790813089 0.0515149604099012 0.0498519052955336 0.0481990732279336 0.0465692731950433 0.0449754740450923 0.0434306449827457 0.0419475798862885 0.0405387250722744 0.0392160217165673 0.0379907824460821 0.0368736068741474
0.0751906227359114 0.0757773345343227 0.076296126410909 0.0767382667074834 0.0770984088830453 0.077375301701079 0.0775722296950806 0.0776969887056359 0.0777609501470742 0.0777762663804275 0.0777500623801926 0.0776771056602717 0.0775382549693577 0.0773097195534242 0.0769758348130052 0.0765363937278479 0.0760075341496632 0.0754184985759621 0.0748056008730953 0.0742037821317926 0.0736369935494351 0.0731110725476029 0.0726133237871863 0.0721187641203254 0.0715984158156546 0.0710255259031786 0.0703786760419892 0.0696426150074338 0.06880786674925 0.067869826649903 0.0668277378982513 0.0669446726126123 0.0657087229477021 0.0643823128554227 0.0629726276824408 0.0614877196325978 0.0599363158172892 0.0583277121044568 0.0566717325221457 0.0549787212229638 0.0532595541857123 0.0515256451467381 0.0493011025399729 0.0475961576277236 0.0459151255529176 0.0442711791241909 0.0426775061403854 0.0411471200655804 0.0396926766012189 0.0383263087104322 0.0370595033526463 0.0359030219705107
0.0755871324362358 0.0762118255550663 0.0767670197927688 0.0772430945737693 0.0776340557448882 0.0779384202052034 0.0781598713419851 0.0783075399345513 0.0783954836703892 0.0784401903721229 0.0784537753707978 0.0784330000261532 0.0783548722438778 0.0781888468726434 0.0779136887693378 0.0775254861264783 0.0770374801493673 0.0764758325321049 0.0758732346101881 0.0752610539307817 0.074661295532959 0.0740810638568957 0.0735121553291131 0.0729355983219431 0.0723280600236112 0.0716670875675818 0.0709341011691356 0.0701154837547189 0.069202520921913 0.0681907818910013 0.0670793213431859 0.0658698868535186 0.0658937179960313 0.0645032506362168 0.0630317953071359 0.0614869156857043 0.0598769126007113 0.0582107304654184 0.0564979216988394 0.0547486434090583 0.0529736697296932 0.0511843921008797 0.0493927988987013 0.0470472603494936 0.0453134876806068 0.0436180277299891 0.0419742799798922 0.0403954722233359 0.0388944645533888 0.0374835817049045 0.0361744906564028 0.0349781297132406
0.0760184513288411 0.0766844109302781 0.0772791197670065 0.0777918482737861 0.0782157094224565 0.0785487176309033 0.0787947032689367 0.0789639636991468 0.0790733286704767 0.0791443949958866 0.079196187395634 0.079228995208671 0.0792146808710731 0.0791138005033029 0.0788986828472369 0.078561688656929 0.0781134469731692 0.0775775412539688 0.0769838180110108 0.0763610484858849 0.075730059977799 0.0750992575292357 0.0744641894485734 0.0738109009118012 0.0731209347269468 0.0723757358330221 0.0715594340079474 0.0706600801163971 0.0696698333818273 0.0685845842749489 0.0674033444932824 0.0661276005782323 0.0661535297833185 0.0646971166312539 0.0631618349415623 0.0615548298333311 0.059884029904876 0.0581580668908254 0.0563862520387299 0.0545785762649466 0.0527457242173374 0.0508990744795343 0.0490506734391165 0.0472131684527842 0.0447666462640463 0.0430185471387371 0.0413236863553689 0.0396954917004259 0.0381470177490404 0.0366907737780823 0.035338608832691 0.0341016532666285
0.0764836068340061 0.077194473427804 0.0778321976017952 0.0783846903915088 0.0788438472530142 0.0792068032938798 0.079477127786388 0.0796659411037646 0.0797927900754303 0.0798852300130249 0.0799720421264403 0.0800599182743225 0.0801134282522224 0.0800809861675055 0.0799275455126497 0.0796418923783978 0.0792324719704909 0.078720859308686 0.0781347832400959 0.0775012196222736 0.0768403954815394 0.0761620475825529 0.0754649443935572 0.0747393947134248 0.0739711916159148 0.0731453084492363 0.0722484404542412 0.0712703028419494 0.0702040012181728 0.0690458511834576 0.0677949330895406 0.0664525800460709 0.0650218867224562 0.0649609991115589 0.0633604613982365 0.0616897912801238 0.0599565912671136 0.0581692174466635 0.0563367657987396 0.0544690804111653 0.0525767694540258 0.0506712054585169 0.0487644937495821 0.0468694003600835 0.0449992267073666 0.042475588109762 0.0407287890010091 0.0390503958825297 0.0374536345982524 0.035951181895856 0.0345550598668127 0.0332766005454384
0.0769819449291178 0.0777419440891164 0.0784268982333529 0.0790230874552687 0.079520818248547 0.0799158362085451 0.0802107914753129 0.0804168853762707 0.0805558834235741 0.0806620304161489 0.0807782141992055 0.0809233201631659 0.081050545195837 0.0810908384508438 0.0810008763866872 0.0807664169971297 0.0803944757721497 0.0799053530238708 0.0793253842192868 0.0786804274838457 0.0779905641030016 0.0772668862772822 0.0765109867830293 0.0757168522641763 0.0748740055031953 0.0739706137037805 0.0729957818709427 0.0719408579131686 0.0707999311689333 0.0695698109911655 0.0682497308578098 0.0668409483079144 0.0653463476931195 0.0637700974074792 0.0636256376633751 0.06189035483153 0.0600937375413145 0.0582438967195493 0.0563497356977624 0.0544209675495403 0.0524681343126212 0.0505026065642182 0.0485365487843773 0.0465828389278213 0.0446549330092977 0.0427666868491573 0.0409321392571529 0.0384638521675762 0.0368180959395534 0.0352686050775815 0.0338275474432148 0.0325064495890365
0.0775128951208321 0.0783270325499039 0.0790644473347008 0.0797095574098149 0.0802507248616754 0.0806817476628126 0.0810034513725565 0.0812257078730479 0.0813707236923164 0.0814789366475856 0.081614066100829 0.0818206530792927 0.0820312386098565 0.0821496314576481 0.0821241939298202 0.0819394350665044 0.081602326592906 0.0811328149303678 0.0805565384433583 0.0798987900278253 0.0791798335660259 0.0784121154140178 0.0775997339157299 0.0767398793224787 0.0758253605752721 0.0748472295165785 0.0737968361825534 0.0726671014276801 0.0714531064272221 0.0701521983534995 0.068763817030193 0.0672892042597932 0.0657310860947429 0.0640933946177772 0.0623810487835906 0.062155284818094 0.0602948146164745 0.0583820283693793 0.056425655987099 0.0544352913286162 0.05242141709149 0.0503954041812093 0.0483694723878481 0.046356602338007 0.0443703889653784 0.0424248490760053 0.0405341916616899 0.038712577983536 0.036244771162114 0.0346474922678257 0.0331604706177286 0.0317953847704128
0.0780756307877079 0.0789497917381022 0.0797461045397137 0.0804470089242374 0.0810387242781174 0.0815127291904611 0.0818672457755013 0.0821090524057804 0.0822568625451071 0.0823509686756024 0.0824823982982258 0.0827616542611426 0.0830721822518568 0.083272541449794 0.0833088872488313 0.0831689251641134 0.0828614305173536 0.0824067859348488 0.0818303934158619 0.0811573141380637 0.0804081664449801 0.0795966885864769 0.0787291953919602 0.0778056727478054 0.0768218253322895 0.0757712979576314 0.0746475102362558 0.0734448773200773 0.0721594538226009 0.0707891395790791 0.0693336152454774 0.0677941432212413 0.0661733291124269 0.0644749000583247 0.0627035313534493 0.0608647377830894 0.0605593322103764 0.0585837080867136 0.056565206987116 0.054513312074148 0.0524384507969843 0.0503519938093693 0.0482662107609551 0.0461941735700747 0.0441495968314815 0.0421466296881404 0.0401996112132475 0.0383228162427858 0.036530228170514 0.034093087706209 0.0325591383827185 0.0311485901562577
0.0786686637580659 0.0796095533380678 0.0804723838643733 0.0812376620113116 0.08188954164007 0.0824172975254222 0.0828166455363545 0.0830909949854009 0.08325307457821 0.0833291563740017 0.0833957976679325 0.0837906393378657 0.0842140902757786 0.0844855893138571 0.0845711629706501 0.0844652044300679 0.0841784592226691 0.0837315536637552 0.0831495624237074 0.0824573168370006 0.0816757697158879 0.0808198040619229 0.0798976599854973 0.0789117487159025 0.0778603140196045 0.076739316860198 0.0755440633743016 0.0742703648540003 0.0729152084513297 0.0714770409042938 0.069955794817633 0.0683527748265707 0.0666704861697601 0.0649124719540295 0.0630831796540868 0.0611878851272773 0.0592326684049436 0.058849142776944 0.0567691929113122 0.0546564335916316 0.0525212377369043 0.0503749736501869 0.0482299543418189 0.0460993314221313 0.0439969201295532 0.0419369736940248 0.0399339176065117 0.0380020774910401 0.0361554403143711 0.0344074880970871 0.0320299832487521 0.030572590837335
0.07928945903153 0.0803043633481438 0.0812422021793693 0.0820817348639576 0.0828053801428738 0.0834008235789526 0.0838624869307574 0.0841929911193488 0.084405342529879 0.0845296894007884 0.084662436355016 0.0850688635098101 0.0855163252825848 0.0858163410537478 0.0859261591814002 0.0858373969111552 0.0855591360034343 0.0851106833552799 0.0845161041752334 0.0837996954187672 0.0829825516640628 0.0820804808180228 0.0811033499885622 0.0800556525752493 0.0789378437590429 0.0777479324267559 0.0764829278458036 0.0751399237815668 0.0737167812308338 0.0722124697360648 0.0706271691943339 0.0689622302206556 0.0672200675934666 0.065404047505555 0.0635183979816709 0.0615681599689903 0.0595591894668797 0.0574981942250353 0.0570384575269683 0.05486611399635 0.0526718556974396 0.0504670448410166 0.0482640326891495 0.0460760410746291 0.0439169711724372 0.0418011562822877 0.0397430720169636 0.0377570371670971 0.0358569514957392 0.03405611576218 0.0323672027037195 0.0308024405071735
0.0799341494996234 0.0810305482709171 0.0820522099101714 0.0829763678683993 0.083784084788201 0.0844621392952792 0.0850049329639748 0.0854168330021587 0.0857164276990477 0.0859474031133923 0.0862032673650175 0.0865832929268141 0.0869858651268366 0.0872718611210137 0.0873791502129666 0.0872891402819447 0.0870057964145319 0.0865454892729991 0.0859304975677578 0.0851841976551413 0.084327580888965 0.0833771405362044 0.0823440877801616 0.0812346858714141 0.0800513005737061 0.0787937430522258 0.0774605409573344 0.0760499496120989 0.074560632737346 0.0729920443159868 0.0713445937238617 0.069619670295267 0.0678195951872065 0.0659475582859183 0.0640075663214374 0.0620044244985809 0.0599437592795693 0.0578320759089561 0.0556768423775095 0.0551437540179567 0.0528923370687535 0.0506308817582875 0.0483717733454009 0.0461282997915711 0.0439144412271792 0.0417446005313057 0.0396332828893294 0.0375947634569719 0.0356427880244093 0.033790357432352 0.0320496693988734 0.0304323001119625
0.0805974408801618 0.0817825589802911 0.0828965436629955 0.0839152391360985 0.0848185497436713 0.0855926141947287 0.0862320654299134 0.0867427421977289 0.0871457149496685 0.0874834436709534 0.0878221583953693 0.0882066550675917 0.0885761599740531 0.0888344629642533 0.0889224935267681 0.0888165407973662 0.0885159952168383 0.0880340423310569 0.0873909140912827 0.0866088797172257 0.0857086699207183 0.0847072759326195 0.0836170206974315 0.0824456724602875 0.081197247434979 0.0798731314324482 0.0784731987637879 0.0769967460761835 0.0754431599826461 0.073812331937856 0.0721048733659302 0.0703221961282946 0.0684665178732413 0.0665408449992169 0.0645489551785882 0.0624954107457721 0.0603856018398123 0.0582258197434426 0.0560233540856117 0.0537865904730063 0.0531845277893824 0.0508689757359541 0.0485563289110966 0.046259943288754 0.043993882835192 0.0417726266489497 0.0396107159753204 0.0375223847230421 0.0355212115479095 0.0336198478980582 0.0318298915555896 0.0301619860075829
0.0812727297875497 0.0825531324474256 0.0837670771312464 0.0848890076520681 0.0858976037989845 0.0867781392165538 0.0875248142641103 0.088143174409457 0.0886526904895844 0.0890885521413019 0.0894959373177244 0.0898961682462405 0.0902468473644538 0.0904783594233026 0.0905404429727092 0.0904095026957808 0.0900827295052364 0.0895710466529238 0.0888929964297963 0.0880698718724515 0.0871221548221205 0.0860672542369782 0.0849184475493263 0.083684804905383 0.0823717796580772 0.080982138866472 0.0795169463648135 0.0779764241656831 0.0763606039722484 0.0746697628124947 0.0729046803235274 0.0710667705180629 0.0691581317970185 0.0671815754874078 0.0651406396250839 0.0630396325142442 0.0608836960244528 0.0586788951113977 0.056432328652646 0.0541522316884828 0.0535499329577402 0.051183463105505 0.0488204833454481 0.0464744245681119 0.044159451880885 0.0418901463887719 0.0396811252844554 0.0375466324279987 0.0355001441095665 0.0335540316802138 0.0317193471343337 0.0300057858623792
0.0819524006963575 0.0833337090783283 0.084654042909175 0.085886300241819 0.0870076767403098 0.0880020975986641 0.0888624349075092 0.0895923947770352 0.0902077657995162 0.0907356302969966 0.0912061795912139 0.0916286015182625 0.0919706200063517 0.0921798696029164 0.0922148736698119 0.09205451791573 0.0916957522114503 0.0911484421410467 0.0904301192673381 0.0895614719803213 0.0885629061359283 0.0874522807196167 0.0862437574461338 0.0849475723674803 0.0835704533055737 0.0821163905724769 0.0805875028108443 0.0789848325510365 0.077308982426838 0.0755605625982465 0.0737404884157233 0.0718501504683454 0.0698915121437698 0.0678671739844109 0.0657804224590124 0.0636352987693391 0.0614366825897009 0.0591903994865293 0.0569033404869442 0.0545835766249066 0.0522404540413371 0.0515759469562133 0.0491664481040564 0.046774579426632 0.0444146311396263 0.0421013304437869 0.0398494370702185 0.0376733050655936 0.0355864505511366 0.0336011681528044 0.0317282455205098 0.0299768185661185
0.0826282316904665 0.0841149852848189 0.0855468036816874 0.0868948179817463 0.0881344030634245 0.0892476366024059 0.0902253402614867 0.091068461396804 0.0917883458864268 0.0924045060048235 0.0929362290270972 0.0933856347984823 0.0937266715751935 0.0939187722653131 0.0939281330839196 0.0937369392538684 0.0933430709115899 0.0927563288801066 0.0919939486383876 0.0910764794330069 0.0900245241586838 0.088856510213656 0.0875874858714837 0.0862287790287593 0.0847882791604318 0.0832710760206072 0.0816802319894649 0.0800175216370288 0.0782840487798555 0.0764807116917286 0.0746085265531546 0.0726688379206981 0.0706634576265752 0.0685947601784436 0.066465768136602 0.0642802407848074 0.0620427831850365 0.0597589643627972 0.0574354524166082 0.0550801361978865 0.0527022269452545 0.050312311923007 0.0495956679186316 0.047162400193136 0.0447619654156585 0.042409286253809 0.0401193475180167 0.0379067401950635 0.0357852135814487 0.0337672754482413 0.0318638951938509 0.0300843529795637
0.0832918277635355 0.0848874722768965 0.0864345770157794 0.0879022584674133 0.0892637484013042 0.0904988774362353 0.0915959448008005 0.0925526830688786 0.0933758330168749 0.0940781513953268 0.094670748643146 0.0951512055027594 0.0954975358920814 0.0956775444953101 0.095663896233434 0.0954422642406194 0.0950121065635147 0.0943838674903353 0.0935750934620179 0.0926066557470363 0.0914996585129255 0.090273263958603 0.0889434595008108 0.0875226399714612 0.0860197804099672 0.0844409807735231 0.0827901584182584 0.0810697438054806 0.0792812861077725 0.0774259274837173 0.0755047568990252 0.0735190527266107 0.0714704579300465 0.0693611103591288 0.0671937548551515 0.064971858037004 0.0626997343783178 0.0603826820112777 0.0580271276942657 0.0556407593894671 0.0532326340217664 0.0508132371638889 0.048394464263737 0.0476388430608662 0.0452028365290869 0.0428157933075512 0.0404929986376236 0.0382494035544538 0.036099179421611 0.034055334505278 0.0321294607413335 0.0303316788762628
0.0839350077911152 0.0856419701540633 0.087307002676096 0.0888969617365015 0.0903826682945593 0.0917414215948012 0.0929587312407802 0.0940289404458473 0.0949542880825462 0.0957416008555736 0.0963956638517879 0.0969108660602815 0.0972679319043936 0.0974407381727687 0.0974073203394155 0.0971567627318474 0.0966904603355286 0.0960199933347144 0.0951637061327079 0.0941431984427667 0.0929803714311944 0.0916953021580613 0.0903049990338199 0.0888229249032413 0.08725909831731 0.0856205613427014 0.0839120169930225 0.0821364899877439 0.0802959260834447 0.0783916768134075 0.0764248779389896 0.0743967257058472 0.0723086816991262 0.0701626372430136 0.0679610497165234 0.0657070823938784 0.0634047462156716 0.0610590525635246 0.0586761688133163 0.0562635603313912 0.0538301072026704 0.0513861690812975 0.0489435750959472 0.046515523627083 0.0457373066831003 0.0433211295493095 0.040970788839003 0.0387016792708432 0.0365285249632476 0.0344650256625043 0.0325236651971725 0.0307157674999013
0.0845501116080176 0.0863699231929655 0.0881545271107055 0.08986829758559 0.0914794263117403 0.092962501028905 0.0943001239598409 0.0954832414417013 0.0965098423707065 0.0973815796268095 0.0980981950383134 0.0986516188305343 0.099024338759928 0.0991946656081821 0.0991450451444838 0.0988677705476473 0.0983663715461246 0.0976539253085792 0.0967499628390238 0.0956771616844652 0.0944584881613146 0.0931151106491918 0.091665143604635 0.0901231383529149 0.0885001291030784 0.086804050492886 0.0850403340131981 0.0832125490579088 0.0813229965371989 0.0793732082265262 0.0773643480405108 0.075297515640223 0.0731739851335542 0.0709953937214172 0.0687639051978055 0.0664823705459973 0.0641544865380781 0.0617849627105648 0.0593796875676014 0.0569458802212534 0.0544922170564724 0.0520289019041589 0.0495676653679982 0.0471216724690124 0.0447053224757022 0.0439240099404673 0.041551338350241 0.0392618906410985 0.0370709824532355 0.0349930525127271 0.0330415056391219 0.0312288163245485
0.0846161672076103 0.0870636404387935 0.0889686298696549 0.0908068553581941 0.0925437116007821 0.0941509752512816 0.0956083319733996 0.0969034493971822 0.0980303999565801 0.0989863464720966 0.0997668820644594 0.100361864614034 0.100754815524442 0.100927246167187 0.100865167691711 0.100563821271163 0.100028980920957 0.0992754964268963 0.098324414126038 0.0971997916237805 0.095925899664734 0.094525157173799 0.093016870193433 0.0914166986544147 0.0897366721184622 0.0879855763957411 0.0861695256879955 0.084292588554466 0.0823573872860598 0.0803656096995396 0.0783184319132717 0.0762168508422056 0.0740619467502592 0.071855101290862 0.0695981816881013 0.067293721152594 0.0649450932942834 0.0625566910954697 0.060134105871354 0.0576842848116927 0.0552156681495488 0.0527382669732359 0.0502636711397735 0.0478049672359985 0.0453765472866959 0.0429938202343941 0.0422315960555329 0.0399265128956301 0.0377222354433512 0.035633855224374 0.0336755356784637 0.0318605788350328
