R/Data/side_v1_12_5.asc
NCOLS 365 
NROWS 740 
XLLCORNER 0.791666667335165 
YLLCORNER 6.2083333340009 
CELLSIZE 0.00833333332967033 
NODATA_value -9999 
[rows 161 to 183 of 740, columns 312 to 363 of 365]
0.038287544293683 0.0376570681210481 0.0370448844583279 0.0377845068383227 0.037210342273974 0.0366775193605176 0.0361942727226163 0.0357693072841335 0.036325976051545 0.0360962001787278 0.0359472417772208 0.0358908351309383 0.035939875418772 0.0356220561713079 0.0359248006443618 0.0363834984184989 0.0375683714865927 0.0384104887759123 0.0394255031096669 0.0406877251366234 0.0421737109263245 0.0438850683229441 0.0458180574795265 0.0480469853116502 0.0503766254783237 0.0528846914546794 0.0555482772837237 0.0583398129768075 0.0615086344477091 0.064539499668245 0.0675976652580973 0.0706424810085684 0.0736340437446464 0.0763173504034463 0.0790498427199904 0.081638891259743 0.0840706658335654 0.0863392670030079 0.0797660678257238 0.0810996206851828 0.0823019250031866 0.0833819646105981 0.0843490828740459 -9999 -9999 -9999 -9999 -9999 -9999 -9999 -9999 -9999
0.038408878219152 0.0377539787750702 0.037116420247854 0.0377797264889135 0.0371797863959375 0.0366203691462783 0.0361097430857984 0.0356566526770388 0.0362374093152452 0.0359781131912857 0.0357992376834956 0.0357127955321124 0.0357321125658896 0.0353526750081281 0.0356286368059911 0.0360636946139689 0.0366768332304667 0.0374868295925634 0.03906942705309 0.0403390133228366 0.0418439002751282 0.0435861608992021 0.0455620939978224 0.0478292765657486 0.0502253931035549 0.0528107659236781 0.0555615902073369 0.0584489001891354 0.061703449828183 0.0648418028384932 0.0680078657974273 0.0711569181384478 0.0742447213142466 0.0770127374474077 0.0798132936698463 0.0824533149208966 0.0849187742599665 0.0872049605281256 0.0806066135937043 0.0819229061113335 0.0831000216702921 0.084148866171353 0.08508050005522 -9999 -9999 -9999 -9999 -9999 -9999 -9999 -9999 -9999
0.0385448154107654 0.0378659513831368 0.0372034100327783 0.0377897605075366 0.0371643488938702 0.0365785445533933 0.03604062995486 0.0355593631995089 0.0361628032828723 0.0358735132730726 0.0356639882886255 0.0355464681094593 0.0355346593961776 0.0350922664461277 0.0353392525630028 0.0357481314350564 0.0363397132178339 0.0371349555982806 0.0381322833990853 0.0393830403767169 0.0415068818261674 0.0432797822076584 0.0452990667301971 0.0476052977854375 0.0500697923660279 0.052735335575081 0.0555773839891749 0.0585656693773456 0.0619124830468047 0.0651656787573571 0.0684475694167691 0.0717087331591891 0.0748997854056868 0.077757669344401 0.0806290974168655 0.0833200942501655 0.0858165738691569 0.0881155365235557 0.0814876615834352 0.0827803735142727 0.0839256731836003 0.0849368093569844 0.0858268639411569 -9999 -9999 -9999 -9999 -9999 -9999 -9999 -9999 -9999
0.0386962530830554 0.0379939790582643 0.0373069477133728 0.0378158089850784 0.0371653477998772 0.0365534891531133 0.035988510871564 0.0354791593534411 0.0361039993308322 0.0357843901524493 0.0355436239166834 0.0353941060159623 0.035349857356181 0.0348432305958161 0.035059003530695 0.0354390220266998 0.0360060833782101 0.0367836268158884 0.0377791055544283 0.0390331678593087 0.040545266779749 0.0423183645749663 0.0450295591550787 0.0473753617174141 0.0499098344184356 0.0526581556613914 0.0555952818209286 0.0586898226791568 0.0621358095951338 0.0655118725494923 0.0689184784038911 0.072300756496087 0.0756031536607785 0.078556841560923 0.0815021168189025 0.0842435348203486 0.0867671731048475 0.0890725057028293 0.0824095412764924 0.0836707530187318 0.084776230303223 0.0857420739271382 0.0865837044290755 -9999 -9999 -9999 -9999 -9999 -9999 -9999 -9999 -9999
0.0397633560582563 0.0390766246287986 0.0383932674515051 0.0378998888345065 0.0372364137441598 0.0366037219443457 0.0360113028776763 0.0354689962178803 0.0352495090910741 0.0348602725292574 0.0345519533410343 0.0343376573050999 0.0342321411373125 0.0367874080509623 0.0369352207248791 0.0372393879736514 0.0377229224822344 0.0384093435698119 0.0372203214249942 0.0384622102534057 0.0399748878923602 0.0417600740244669 0.0438119398246962 0.0458864427968357 0.0493558942401958 0.0523708661494041 0.0556141538586975 0.0590518075007237 0.0623291013500352 0.0657504538183497 0.0691946179811603 0.0725998761386477 0.0759032184914045 0.0793955004878266 0.0823845604719951 0.0851318147637139 0.087624288224402 0.0898657244422848 0.0912489788633349 0.0930505291122398 0.0946672187546648 0.0961203227986955 0.097429471930013 -9999 -9999 -9999 -9999 -9999 -9999 -9999 -9999 -9999
0.0400821877219959 0.0393700865077077 0.0386599410166027 0.0381260472667501 0.0374334883494427 0.0367705368930322 0.0361467150899991 0.0355718671170246 0.0353457950850155 0.0349213152922096 0.0345765703321126 0.0343247073863269 0.0341806437829134 0.0367064616888891 0.03681672740667 0.0370850610521302 0.037536782991639 0.0381985938380135 0.0369337533584567 0.0381745288727704 0.0397010143291648 0.0415147456234036 0.0436093060179929 0.0456408299717007 0.0484343586174499 0.0522787499907726 0.0556257278860212 0.0591823973245647 0.0626172258656829 0.066177515516874 0.0697653611075899 0.0733117300236712 0.0767445251054726 0.0803424771011847 0.0834110365990135 0.0862036499335513 0.0887085931929145 0.0909350992923318 0.0922671554706647 0.0940201738406911 0.0955807775598059 0.0969745267152084 0.0982240230778241 -9999 -9999 -9999 -9999 -9999 -9999 -9999 -9999 -9999
0.0404209659880522 0.0396843457511575 0.0389482084258449 0.0383744276599616 0.0376534833200462 0.0369609109101806 0.0363062520560012 0.0356993358749194 0.0354667836144981 0.0350072008763833 0.0346259248718727 0.0343360472603385 0.034152521902633 0.0366454994852885 0.0367159614440923 0.0369453724454479 0.0373614759548797 0.0379946255448591 0.0366518932785477 0.0378892224770735 0.0394282759780971 0.0412698438598479 0.0434064698361161 0.0453959682144488 0.0482593819863569 0.0514070126350219 0.0548155839380995 0.0593177129184031 0.062915417650755 0.066623822200582 0.0703674205001091 0.0740689210671529 0.0776450696895476 0.0813592677446127 0.0845115439917353 0.0873455463365574 0.0898518406571286 0.0920480361903932 0.0933129020837115 0.0950018691954451 0.0964931250215657 0.0978169569614127 0.0989988531888465 -9999 -9999 -9999 -9999 -9999 -9999 -9999 -9999 -9999
0.0407806127504795 0.0400204560362102 0.0392592673501477 0.0386463772800068 0.0378979180449322 0.0371765554293248 0.0364918443623847 0.0358535828696137 0.0356149370850807 0.035120710941022 0.0347031495385023 0.0343751840304574 0.034151658608403 0.0366086487282603 0.036637281690301 0.0368247221072468 0.0372011891920338 0.0378012121378774 0.0363782341262526 0.037609839577981 0.039160527184462 0.0410294142633783 0.0432073279029091 0.045155243184057 0.048087079180917 0.0513190482690932 0.0548296198779742 0.0585876215783555 0.0623101726041907 0.0670839749374734 0.0709959317562017 0.0748688421900244 0.0786058546054226 0.0824503554943324 0.0856918838452781 0.0885610516996184 0.0910525926253256 0.0931974661058389 0.0943746874290377 0.0959812741343755 0.0973888280484468 0.0986323648590741 0.0997396782955993 -9999 -9999 -9999 -9999 -9999 -9999 -9999 -9999 -9999
0.0403282597594646 0.0403794101151809 0.0395942573397805 0.0389431910857282 0.0381682679264781 0.037419152611327 0.0367054111442202 0.0360368008146116 0.0357927743059203 0.0352647357959894 0.0348115608786978 0.0344459085190012 0.0341823475138437 0.0366005880037922 0.0365857470505518 0.0367283344466037 0.0370609693961484 0.0376229082844367 0.0361169988582586 0.037340841761084 0.0389028679121215 0.0407990266021771 0.0430174517091445 0.0449236935218846 0.0479212507418307 0.0512343279450398 0.0548438495205277 0.0587211015469635 0.0626078994423415 0.0665959110935749 0.0706559174611569 0.075703156279426 0.0796236788855543 0.0836185105890639 0.0869575965473842 0.0898522068672812 0.0923049703447513 0.0943694359126195 0.0954332604565072 0.0969368889801483 0.0982465896490453 0.0994010788333358 0.100429071864103 -9999 -9999 -9999 -9999 -9999 -9999 -9999 -9999 -9999
0.0409336328054687 0.0401336742559398 0.0393284510564062 0.0392312414737422 0.0384360534256986 0.0376649408668274 0.0369276292750695 0.0362339598876335 0.0355939833147019 0.0350181464088335 0.0345175907822643 0.0341046196296561 0.0337933852022865 0.0336009050430453 0.0335485466917372 0.0336641225684148 0.0339845280751851 0.0345576936054891 0.0354271508409468 0.0366621053442922 0.0382620786952439 0.0402149119323623 0.042501128928393 0.0455742627290266 0.0483944809329385 0.0514721165837198 0.0547769689001148 0.0582701304102804 0.0619672286302212 0.0653221459192597 0.0686710719339342 0.0719232175596892 0.0749665850970316 0.0817954428054774 0.084621347467563 0.0869073089202802 0.0886806937368021 0.0900356412288073 0.0955364229214408 0.0967051312388574 0.0976807404462332 0.0985042992488298 0.0992043962084776 -9999 -9999 -9999 -9999 -9999 -9999 -9999 -9999 -9999
0.0413751876596979 0.0405555766356403 0.0397291563376808 0.0388003144648573 0.0379843578448913 0.0379858177092576 0.0372215185994514 0.0364996619411386 0.0358302030836104 0.0352233892744389 0.0346900379100596 0.0342419784559053 0.0338927258857281 0.0336585272563137 0.0335599922653614 0.0336246493544498 0.0338907666166478 0.0344118333081885 0.0352402806024376 0.0364655584873324 0.0380814957601367 0.0400661053855533 0.0423939558848103 0.0455340020747441 0.0484123398584136 0.0515591219893256 0.0549473386429789 0.0585420443584824 0.0624003411977888 0.0659004358067093 0.0694269214825481 0.072890773290062 0.0761699088699598 0.0821374397384429 0.0850995613949869 0.0884059234691382 0.0900423622112334 0.0912238169111961 0.0964953677864831 0.097521700601846 0.0983806593074028 0.0991088277461793 0.0997301518187709 -9999 -9999 -9999 -9999 -9999 -9999 -9999 -9999 -9999
0.0418394296557931 0.0410016190374004 0.0401554507118436 0.0392081424132078 0.0383696474271686 0.0375523756346569 0.0367661512097001 0.0368008895499158 0.0361039969687812 0.0354684420463583 0.0349047265600844 0.0344241698570097 0.0340395325286644 0.0337660030767516 0.0336228440635694 0.0336362483110271 0.0338443927802833 0.0343056133357823 0.0350854002855255 0.0363022102520065 0.0379403724323928 0.0399609104313486 0.0423302503767241 0.0455318770282096 0.0484596230954894 0.0516629309969852 0.0551180979738709 0.0587943423571791 0.0627905612957831 0.0664126920418187 0.0700978082914273 0.0737701164088968 0.0773186539785577 0.0835445515122999 0.0867177692168306 0.0889100768555481 0.0903048560726022 0.0922795740971745 0.097300792009483 0.0981876254396167 0.098941007483659 0.0995870232775022 0.10014253394814 -9999 -9999 -9999 -9999 -9999 -9999 -9999 -9999 -9999
0.0423267797077161 0.0414723484455582 0.0406080116898277 0.0396440168993119 0.0387846277859781 0.0379454604195282 0.0371364722361179 0.0363675618715267 0.0356485950393158 0.0357559526825657 0.0351649803637551 0.0346554628371082 0.0342394080026398 0.0339308080450186 0.0337470832770662 0.0337117941588561 0.0338603251778373 0.0342525448369376 0.0349718197714674 0.0361853221187112 0.0378579958663873 0.0399203908150924 0.0423297195451581 0.0455848023434305 0.0485498567593442 0.0517929914929395 0.0552933620984357 0.0590235148776324 0.0631227087233673 0.0668253226932562 0.070620390509254 0.0744517570703288 0.0782475933790458 0.0848193008392579 0.0884326877422101 0.0903596025334863 0.0913426455551423 0.0920391214413922 0.0978615157335823 0.0986439168403756 0.0993227695787743 0.0999122976097684 0.10042287502092 -9999 -9999 -9999 -9999 -9999 -9999 -9999 -9999 -9999
0.0422108855161477 0.0413470277432021 0.0410873693909787 0.0401086059854557 0.0392301103516117 0.0383709306633809 0.0375412093876103 0.036750991331057 0.0360102362479756 0.0353289030980802 0.0347171172172318 0.0349396600644713 0.0344975618375426 0.0341603754839422 0.0339437029375018 0.0338677423164774 0.0339617150074426 0.0342771594745602 0.0349121691798051 0.0361389316916794 0.0378673986794531 0.0399742941674692 0.0424161438427121 0.0457112958653029 0.0486973051637384 0.0519597029132906 0.0554792589202183 0.0592299274691028 0.0633880632204302 0.0671139210502325 0.0709402293827562 0.0748180579439387 0.078694707540971 0.0853864507461478 0.0895941974691128 0.0910366877241585 0.0917850244133058 0.0923923778589075 0.0970693201375138 0.0978194661910003 0.0994981256317288 0.100066788423364 0.100559158128167 -9999 -9999 -9999 -9999 -9999 -9999 -9999 -9999 -9999
0.0423707036057566 0.0414988703912607 0.0406143414423785 0.0398134397471971 0.0389290616419655 0.0386629061669684 0.0378217642828435 0.0370200244837644 0.0363863704142501 0.0356807197277284 0.0350449401276258 0.0344895882222847 0.0347724997141478 0.0345755609359849 0.0343363394003733 0.0342338512021022 0.0342922128914846 0.0345468496324082 0.0349677665563781 0.0362672519428487 0.0380531044052718 0.0401837684740462 0.0426365832199967 0.0453989133469464 0.0484597246076878 0.051805363099807 0.0554165643141506 0.0592661254606956 0.0633381770360293 0.067512739109801 0.0717787347282283 0.0760625772237329 0.0802650176133838 0.0838285888930821 0.0869675985520052 0.0887597226655041 0.0896326463957414 0.0901293732178131 0.0901082532516971 0.0902479365994034 0.0902894756125951 0.090251798954113 0.0911660076120316 0.0898198032995964 0.0896067592172988 0.089355848443906 0.0890719772426545 0.0887593237123958 -9999 -9999 -9999 -9999
0.0429565814142265 0.0420729046097095 0.0411749291467866 0.0403614934845169 0.0394611548365671 0.0385784668866503 0.0377241663740478 0.0369088584006171 0.0368218886878552 0.0361007583447214 0.0354502267057296 0.034881136202399 0.0344051090817499 0.0342047140227245 0.0347011052164175 0.0345946968985271 0.0346563621636699 0.0349325922684062 0.0354453967144673 0.0366742264366505 0.038414537431797 0.0405227453650337 0.0429584246481271 0.0457033075256316 0.048743239723616 0.0520619565801155 0.0556374193541307 0.0594390228759366 0.0634478426921587 0.0675339108352295 0.0716765600184712 0.07578319031016 0.0797235457060812 0.0829219113507653 0.0857505318260504 0.0877116458551116 0.0889333678339745 0.0896861347387377 0.0898345139280206 0.0900839157968933 0.0902001847945662 0.0902148512808851 0.0901484783282757 0.0888128064041187 0.0896373434746793 0.0893996062194752 0.0891248910111855 0.088818329097763 -9999 -9999 -9999 -9999
0.0435650399958828 0.0426714658792863 0.0417619709870799 0.0409380123866817 0.0400236829416685 0.0391263625395623 0.038257148660468 0.0374270147775235 0.0367103561592139 0.0359797834204784 0.0353207860807785 0.0353264930834407 0.034844184141624 0.0346458748512862 0.03440293362839 0.0343084547782012 0.0351505054047834 0.03548581709106 0.0360793175812124 0.0372738100225495 0.0389431273200758 0.0409997918582494 0.0433951336575648 0.0461025560444358 0.0491022419361877 0.0523734309573166 0.0558898170445732 0.0596161672329002 0.0635296008180657 0.067490339842659 0.0714705749653074 0.0753685164018317 0.0790521359611883 0.0819864846556995 0.0846479518537081 0.0866601003038927 0.0880768670430808 0.0890382768267799 0.0893607576912054 0.0897398109767924 0.0899527873876738 0.0900397948681473 0.0900279715416043 0.0887159446224219 0.0885540736844456 0.0883416389066552 0.0891027023076048 0.0888095035918195 -9999 -9999 -9999 -9999
0.0441957281193878 0.0432942995264498 0.0423753011008399 0.0415429118540957 0.0406166255013003 0.0397067650610689 0.0388248359270016 0.0379822388925978 0.0372260725615291 0.0364860053250879 0.0358192232654923 0.0352377362343069 0.034754664341827 0.034563952050364 0.0349191177291515 0.0348447435606483 0.0349650211280439 0.035336851788272 0.0367736430413316 0.037957115698412 0.0395773887851607 0.0415814437459385 0.0439268692039637 0.0465842977889071 0.0495295296878002 0.0527373122175373 0.0561768406873338 0.0598082705852152 0.063605435546516 0.0674211543228276 0.0712255768829859 0.0749179671983915 0.0783794738181761 0.0811189792715649 0.0836618042393831 0.085679941715891 0.087201456365761 0.0883071475972843 0.088774657296543 0.089276124056567 0.0895891365811482 0.0897561270323223 0.0898077825432525 0.0885287178574878 0.0884057985930501 0.0882242063191077 0.0879935795072386 0.0877216103920959 -9999 -9999 -9999 -9999
0.0448481204930985 0.0439409715565697 0.0430145667206981 0.0421759071671426 0.0412397470548368 0.0403194653921186 0.0394270140565813 0.0385742710132376 0.0377808897532446 0.0370340958359962 0.0363626231251842 0.0357792195291798 0.035297920234907 0.0351182057102815 0.0348962608204562 0.0348380808537219 0.0349798258616561 0.0351410965823485 0.0366616689742489 0.0378188328788835 0.0393447549555423 0.0422378144037462 0.0445316459690221 0.0471328902838936 0.0500147317158618 0.05314835001689 0.0564990966706073 0.0600233868466937 0.0636932459758646 0.0673569868660789 0.0709869671843939 0.0744890138927941 0.0777604492008013 0.0803451746155502 0.0827892580425622 0.0847900947164051 0.0863643230926184 0.08756331475724 0.0881405183648611 0.0887447751015612 0.0891492298138051 0.0893942402151016 0.0895110459466355 0.0882688978855355 0.0881891640222815 0.0880428713445333 0.0878410386781673 0.0875925074709924 -9999 -9999 -9999 -9999
0.0449678523978305 0.0440556765802783 0.0431227749351773 0.0421810995741167 0.0412429346197776 0.0403207029604949 0.0395847375281319 0.0387330677375398 0.0383686203017628 0.0376298157782831 0.0369685087616004 0.0363983107146312 0.0359342157997312 0.03560034729161 0.0354012447548811 0.0353740942283327 0.0353234494883131 0.0357508740634482 0.0364862113397287 0.0375714285085393 0.0401168084557462 0.041976397228587 0.044153010938204 0.0464301697188199 0.0491461699634325 0.0520969956825824 0.0552483826629626 0.0585580211391763 0.0637767927026013 0.0673188156808681 0.0708140119824916 0.0741758947183623 0.0773155673805008 0.0801514633805188 0.0826230149783245 0.0847035759680047 0.0864029068296861 0.0877563196990045 0.088810336021616 0.0896125291952102 0.0902061182599421 0.0906278801949369 0.0909080202126763 -9999 -9999 -9999 -9999 -9999 -9999 -9999 -9999 -9999
0.0456723740752194 0.0447583893722258 0.0438218277527144 0.0428750174474377 0.0419306719492848 0.0410016825290485 0.0401009762766245 0.0392414452020611 0.0388736312239902 0.0381295776465135 0.0374652224337515 0.0368948194741253 0.0364340395414605 0.0361014012446373 0.035914776640277 0.0359046870885257 0.0361054822620339 0.0365595723736259 0.0372563172281599 0.0386342583788038 0.0400723150762919 0.0418329826833406 0.043890178438091 0.0470524501521655 0.0497034475932337 0.052576960344111 0.0556364656119157 0.0588378506715841 0.0621818014950048 0.0654785525504799 0.0687273030451286 0.0718523944613563 0.0747786095110981 0.0774392759851156 0.0797860239598555 0.0839904467464679 0.0856901536680621 0.0870747514318876 0.088179382731486 0.0890416894953234 0.0896976476397515 0.0901794797036802 0.0905149305434111 -9999 -9999 -9999 -9999 -9999 -9999 -9999 -9999 -9999
0.0463963708650205 0.0454829553498646 0.0445450244361142 0.0435952908587085 0.0426469047646697 0.0417132405000158 0.0408077462040602 0.0399438642461513 0.039576219326539 0.038830390314667 0.0381665023309542 0.037599470790309 0.0371456249750315 0.0368176757848207 0.0366469524806765 0.0366569420326295 0.0368802293021954 0.037354746281834 0.03811855843705 0.039198369560715 0.0408593242405686 0.0425866033048932 0.044601154607667 0.0466468498474166 0.0491422793066275 0.0518401622156865 0.0560527005456704 0.0591467140643978 0.0623741924962742 0.065536925456179 0.0686439634645062 0.0716269682243159 0.0744204982519537 0.0769687017059786 0.0792323316081573 0.0811933934375387 0.0828545147890906 0.0842333740139696 0.0853559354701978 0.086251304316102 0.0869485376241036 0.0874748145838965 0.0901031437424873 -9999 -9999 -9999 -9999 -9999 -9999 -9999 -9999 -9999
0.0471386270230204 0.0462282440353148 0.0452913079802039 0.0443409131251619 0.0433906533366312 0.0424543943371678 0.0415461118752793 0.0406798057128949 0.0403140508043087 0.0395682125908267 0.0389064348082151 0.0383442228347051 0.0378984443917616 0.0375756717736001 0.0374206868589933 0.0374494268137414 0.037692430237732 0.0381834643200785 0.0389546564709154 0.0400279347432634 0.0414081989558038 0.0430843082459184 0.0453395944637226 0.0473122829085444 0.0497452865025679 0.0523696836137451 0.055148148402756 0.0580374598449862 0.061052391408974 0.065635211294471 0.068610639454893 0.0714634204567334 0.0741360072719858 0.0765806922616977 0.0787647140940776 0.0806730638037783 0.0823073818018285 0.0836815354204178 0.0848164501385844 0.0857361099030646 0.0864650213294862 0.0870267061714892 0.0874428648301362 -9999 -9999 -9999 -9999 -9999 -9999 -9999 -9999 -9999
