R/Data/side_v1_12_10.asc
NCOLS 365 
NROWS 740 
XLLCORNER 0.791666667335165 
YLLCORNER 6.2083333340009 
CELLSIZE 0.00833333332967033 
NODATA_value -9999 
[rows 368 to 390 of 740, columns 104 to 155 of 365]
0.074740843429112 0.0765079452444924 0.0782989858138211 0.0801124962291779 0.0837261924910358 0.0856311362605888 0.0875639531497759 0.089528732036079 0.0915300698618882 0.0935724847481882 0.095659806444495 0.0977945651386794 0.0999774192395958 0.102206648280033 0.104477709029338 0.106782895468878 0.109111075804862 0.111447549317766 0.113774010373566 0.116068614352922 0.118306187111395 0.12045853374433 0.122494886287909 0.124382485864996 0.127652020866694 0.129193263069488 0.130483499730887 0.131490768961205 0.132186236956301 0.132545664629214 0.132550967304409 0.132191800107851 0.131467035155951 0.130385927998322 0.12896881713208 0.127247165832682 0.125262861854944 0.123673406279664 0.121262892861075 0.120497125319355 0.118015196717108 0.11558297069424 0.113258976262654 0.111093451114184 0.109124969861189 0.108455976963903 0.106876274421667 0.108781533203322 0.107871116523919 0.111368278939552 0.115199129764534 0.115300310463717
0.0788437908944393 0.0807960400606856 0.0827820162161222 0.0865094605014047 0.088607115444329 0.0907385149979492 0.0929064201176424 0.0951146100759074 0.0973673515700305 0.0996687924743569 0.102022308690959 0.104429874272038 0.10689145303723 0.109404464535311 0.11196331453195 0.114559029634848 0.117178987474788 0.119806760777468 0.122422074057158 0.125000891208771 0.127515612352398 0.129935421404073 0.132226739921497 0.134353826688227 0.137919376693604 0.139662806465927 0.141130166784425 0.142286247875029 0.143099053109336 0.143541375825055 0.143592538034453 0.143240169478493 0.142481930349104 0.141326881538873 0.139796346697892 0.137923999530559 0.135755043991947 0.133976856210748 0.133162305611533 0.130427524244992 0.127663347186129 0.124936592454576 0.122308537241207 0.119831512351444 0.121197011459623 0.119214906101463 0.117491755950859 0.116538415044569 0.119605539429466 0.118774028787668 0.122465625922399 0.122224597544005
0.083128158865292 0.0852840297519233 0.0891152180964252 0.0914089407732838 0.0937451522574836 0.0961248677045369 0.0985505648041529 0.101025749972673 0.103554396044171 0.106140303646519 0.108786416764201 0.111494158055953 0.11426278434002 0.117088825589015 0.119965586603818 0.122882759023307 0.125826141249273 0.128777469807445 0.131714381466044 0.13461049933271 0.137435649406284 0.140156211826964 0.142735589230304 0.146787237904832 0.149025481142737 0.151001829841537 0.152675674949621 0.154008148739901 0.154963601680156 0.155511310867154 0.155627392401893 0.155296834345313 0.154515476018582 0.153291684349594 0.151647419768645 0.149618398988844 0.14725319793779 0.145264216385333 0.144322479619832 0.141293499970144 0.138215372621941 0.135159204565374 0.132189827866809 0.129362512496166 0.130653411894728 0.128310855907187 0.126226336291006 0.124924600682475 0.12793902128416 0.131087470718155 0.130231077645892 0.129606100325016
0.0875976601719342 0.0915196913617159 0.0940086697187083 0.0965520044521349 0.0991486328722759 0.101799285465194 0.104506198401331 0.107272654955173 0.110102377737519 0.112998862200816 0.11596464710388 0.119000615897576 0.122105316172336 0.125274364441253 0.128499916097664 0.131770271731546 0.135069563170319 0.138377590989142 0.141669788265173 0.144917309870516 0.148087255081943 0.151143039953096 0.154044875330987 0.158467894003713 0.160994993103383 0.16323649827973 0.165147859488268 0.166686124273386 0.16781148124439 0.168489100316203 0.168691219046641 0.168399468385374 0.167607171010802 0.166321391473008 0.164564278822472 0.162373385757654 0.159800684971614 0.157576752720496 0.15648344015572 0.153131628761956 0.149706711006802 0.146284840303789 0.142935221767518 0.139716906730022 0.140891461566692 0.138145933265836 0.136235870104956 0.133953346386654 0.136872810798063 0.139779243996072 0.13849242649857 0.137440400132157
0.0922586283698787 0.0963849730740595 0.0991335321041536 0.101948220681121 0.104827642540578 0.10777229103102 0.110784218851425 0.1138665384468 0.117022788536559 0.120256198617639 0.123568946189324 0.126961389961246 0.130431371485532 0.13397356910669 0.137578957062297 0.14123437482031 0.144922214232541 0.148620250460899 0.152301599919577 0.155934833437996 0.15948419854496 0.162910005169081 0.167881556544206 0.170992211431823 0.173841748133873 0.176381301410598 0.178562055766034 0.180336564966015 0.181660358073376 0.182493867808506 0.182804739311545 0.182570440237534 0.181780979978772 0.18044139634188 0.178573497099673 0.176216393197081 0.174205213393935 0.173183556791236 0.169667166361816 0.165963588249514 0.162158500292325 0.158333886677416 0.154564150867911 0.155345525726227 0.151921446017798 0.148729009344928 0.14637399730406 0.148768913825001 0.151029131249278 0.149001058257898 0.147239302024372 0.145716837528657
0.0985241470396284 0.101471641570714 0.104501333651339 0.107609405038909 0.110794170438799 0.114055942569574 0.117396658276051 0.120819332871808 0.124327376229222 0.127923818087433 0.131610507053364 0.135387305940559 0.139251346752102 0.143196352633795 0.147212074312007 0.151283833693242 0.155392202878851 0.15951284446624 0.163616466968419 0.167668949296673 0.171631584707505 0.177158202091274 0.180874868973672 0.184361543855406 0.187566441877013 0.190436461147596 0.19291825018034 0.194959505506966 0.196510599963734 0.197526614776075 0.19796983898268 0.197812710183688 0.197041024071629 0.1956569629705 0.193681364602209 0.191154560262423 0.188921538305206 0.18838778838564 0.184537347435096 0.180461792663186 0.176254054437425 0.172002975129243 0.167789234051776 0.167647440433218 0.163738138014303 0.16071502252529 0.157195767750398 0.159396807948033 0.158521992054892 0.15574734156875 0.153222175327996 0.150919190717142
0.103556522045185 0.106793802705326 0.110126250311933 0.113549652534633 0.117062090673373 0.12066376911746 0.124356586131171 0.128143531640929 0.132027961918682 0.136012761012177 0.140099487352289 0.144287527906643 0.148573297855253 0.152949552624667 0.157404764188245 0.161922671315602 0.166481965184074 0.171056097931268 0.175613287530338 0.180116641703872 0.184524415417544 0.190528935230374 0.194669487534016 0.198563267668072 0.202154443349279 0.205385540297724 0.208198459354887 0.210535739343776 0.212342164669075 0.213566863212662 0.21416599387358 0.214106050358398 0.213367612459499 0.211949076521416 0.209869581041425 0.207170283207613 0.207831083341308 0.203990434301366 0.199779681234417 0.195298708412486 0.190648159308993 0.18592421247345 0.18536272345303 0.180754710525428 0.176318205106428 0.172752139129794 0.168678400130379 0.172774624514766 0.169148393237364 0.16579595174121 0.162698535252996 0.159829943039343
0.108820285864852 0.112368520310859 0.116025005455961 0.119785182753068 0.123646978430954 0.127610558807861 0.131677861695334 0.135851933760934 0.140136139529356 0.144533267320855 0.14904462141731 0.153669121939755 0.158402463341489 0.163236380928202 0.168158023874424 0.173149481964537 0.178187467412899 0.1832431589845 0.188282199515929 0.193264863174669 0.199850409061593 0.204648829152024 0.209240782370625 0.213569139455418 0.21757399726659 0.221193467111237 0.224364589854389 0.227024529895179 0.22911212887735 0.23057001882021 0.231347474103888 0.231404081075192 0.230714130280738 0.229271182415887 0.227091863978585 0.224217726215674 0.221781038757553 0.217485881435108 0.212751390765228 0.211059475926192 0.205936226319294 0.200706023134592 0.19978195992628 0.194621224463355 0.189618349988279 0.185452379239227 0.189033706275653 0.184501279400368 0.18025353988884 0.176283544379224 0.172574697746909 0.169102280470371
0.114335794745923 0.118215514120875 0.122216519288876 0.126333976673051 0.13056571648309 0.134911943593827 0.13937471399514 0.143957193676115 0.148662808970307 0.153494300437928 0.15845272639449 0.163536539942338 0.168740681113194 0.174055819020467 0.179467705234626 0.18495669325317 0.19049744090146 0.196058760573931 0.201603662789299 0.207089542068653 0.214197760897422 0.219483130507262 0.224548850468553 0.229334086468319 0.233774960955487 0.237805214736822 0.24135704623239 0.24436214908895 0.246753170647914 0.248465788372792 0.249441675966251 0.249632541830775 0.24900523308254 0.247547323839607 0.245272010614453 0.242392080436588 0.239435427354845 0.23478895226661 0.229638768636498 0.224100536989875 0.218290668967509 0.212320126857049 0.21184271555432 0.205885873044984 0.204179171713729 0.198631025549882 0.201875654626729 0.196686543349093 0.191782764122373 0.187160671097082 0.182806210621462 0.178696506164385
0.120126000280785 0.124356598052302 0.128721349295974 0.133215194024459 0.137835924266631 0.142583844592379 0.147461177488575 0.15247126176101 0.157617625699247 0.162902970988187 0.168328117037846 0.173891013148388 0.179585797620015 0.18540199362491 0.191323864628 0.197329930612227 0.203392694874743 0.209478526495415 0.215547751931289 0.223233433131636 0.2291943547196 0.234982684205764 0.240537906089724 0.24579566346123 0.250688292756837 0.255145367153057 0.259094376210911 0.262461589819276 0.265173352509298 0.267158041682124 0.268349078911865 0.268689322125876 0.268136940061297 0.266672235680951 0.264520666169404 0.26117613146045 0.257898543206378 0.252888144971194 0.247305264633222 0.241275235265757 0.234924110372795 0.234044858957451 0.227431740189114 0.220844410665222 0.218640254567187 0.214814950335596 0.215131147974588 0.20925818530507 0.203670638256188 0.198368458736674 0.193340451408807 0.188565922256235
0.126215594303154 0.130814854762515 0.135560882929927 0.140448405623028 0.145475208582774 0.150641722182595 0.155950366093707 0.161404672650495 0.167008286264525 0.172763852652104 0.178671926894128 0.184729895477662 0.190931002704145 0.197263534418769 0.203710144263782 0.210247405479496 0.216845558526445 0.223468454755816 0.230073698044092 0.238301432572836 0.244784305638741 0.2510837990914 0.257136293586106 0.262874205337987 0.268226411566449 0.273118655625801 0.277474018442471 0.281213559122404 0.284257353561044 0.286526269613924 0.287944916586235 0.288446333462897 0.28797868094767 0.286513555032953 0.28419810294983 0.281652850932684 0.277038190712209 0.271652913252058 0.265623002633096 0.259084164628782 0.252172632739818 0.250781611115866 0.24354195503911 0.240606351106912 0.233541792790278 0.235552792949565 0.228709571762444 0.222133667709301 0.21584251201968 0.209839865584525 0.204117639773784 0.208012821963413
0.132629880309534 0.137613587433557 0.142756354810014 0.148052663666994 0.153500270921237 0.159099730700157 0.164853654334072 0.170765757222919 0.176839768525752 0.183078246090888 0.189481400697777 0.196045969945902 0.202764195702409 0.209622980576956 0.216603236861388 0.223679453496128 0.230819498927347 0.237984635215106 0.246755526579296 0.253893693299545 0.260898747689866 0.267708709199671 0.274257200613361 0.28047382825551 0.286284490707118 0.29161159636528 0.296374292775058 0.300488801744847 0.30386916045356 0.306428658140906 0.308082629569811 0.308753315530823 0.308377424752206 0.307104156591589 0.304423336528558 0.301614665509357 0.296700628118605 0.290931014788112 0.284442430360558 0.277381725842997 0.269895771748843 0.267923194770085 0.260043439962554 0.256514162334659 0.251138146693754 0.250062206570068 0.242511814242545 0.235222620815952 0.228216595112356 0.221501402285857 0.215072223376776 0.218226790541536
0.143731881743817 0.14477515304067 0.150327771486639 0.15604548406349 0.161925953695472 0.167969802051644 0.174179799545294 0.180559787929978 0.187113524449318 0.193843396716748 0.200749173264493 0.207826806400289 0.215067385743655 0.222456273754237 0.229972476348888 0.237588248866888 0.245268983968025 0.254531602274132 0.262277044198821 0.26993861722446 0.27745662971945 0.284766682012614 0.291800096808156 0.298484238799486 0.304742663316203 0.310495112684447 0.315657452853101 0.320141653379649 0.323856089697863 0.326706574287249 0.328598798654319 0.329443234951821 0.329397495006235 0.327807728228593 0.325025654482587 0.321936251938353 0.316716713337403 0.310554503036853 0.303598129307018 0.296006451444834 0.29367461958578 0.285320229021857 0.276794140827122 0.272624460581585 0.266410051572871 0.264691617608488 0.256433592990466 0.248429727040497 0.240706405180603 0.233275176547606 0.235404258975825 0.228498750977841
0.150777591626231 0.156746291019171 0.162902290349038 0.164441807384751 0.170764232720085 0.177260696336601 0.183934025565454 0.190788124483952 0.197826672526669 0.20505176918626 0.212462590626382 0.220054151718631 0.227816202209699 0.235732379012455 0.243779602114436 0.251927750260669 0.260139638679804 0.269925054668921 0.27818656376078 0.286354206807049 0.294366044940455 0.302155721313632 0.309652854779148 0.316783283260521 0.323469016531616 0.329627983822781 0.335173620637029 0.340014411482678 0.344053662506718 0.347189954249332 0.349319076497962 0.350619822672451 0.350301180941897 0.34871092046455 0.345825900986206 0.342440392516274 0.336908925379736 0.330346603456963 0.322915502458488 0.314787458493546 0.311784050844382 0.302816669397614 0.297962216376488 0.291072279144074 0.288482599536228 0.279326365696222 0.270368933467623 0.261657770987988 0.253223413110473 0.245081149818271 0.246367058147937 0.238768875535358
0.15823849276099 0.164620894249112 0.171201922938255 0.177973731092969 0.180023314090709 0.186977109714427 0.194117207147975 0.20144743748685 0.208971274539936 0.216690375353345 0.224603152010918 0.232703479417468 0.240979565367413 0.249413115072043 0.257978785281438 0.266643933159909 0.276850040131349 0.28565008029024 0.294402978464155 0.303049574495776 0.311526122008103 0.319764875421452 0.327694488627312 0.335240116119512 0.342323192945478 0.34886087975143 0.354765238829743 0.359942246297804 0.3642909360109 0.367703092367483 0.370064419056766 0.371448590734286 0.371223779722796 0.36963447097023 0.366644038382326 0.362949198436932 0.357098503574389 0.350128688401597 0.342217543312378 0.333551036185265 0.329830427746507 0.320255614712953 0.314713336270966 0.306985411793747 0.303680740480416 0.293854080208231 0.284213574136591 0.274810686423568 0.265679707776635 0.265804193729808 0.257255003428089 0.248977697084572
0.166129021362604 0.172930416326949 0.179940670291416 0.187151027748289 0.194556918100341 0.19711889690762 0.204725100043137 0.212529005498874 0.220533716631923 0.228740260594592 0.23714608366143 0.245743703417351 0.254519560193195 0.26345322881013 0.272516914741136 0.281675354607073 0.292357065674003 0.301627701012137 0.310837971418805 0.319926875052262 0.328829373749532 0.337477022916306 0.345798336045924 0.353718783489263 0.361160345163493 0.368040647205898 0.374271645114389 0.379758053239387 0.384395667070621 0.388070122114471 0.39089406428335 0.392118453711811 0.391990879271839 0.390404736268019 0.387306109614906 0.383290669073751 0.377111792023355 0.369726413815316 0.361330854772897 0.357409363865642 0.347655544556018 0.34158242746667 0.331237194285138 0.329214865050121 0.318641398686608 0.308167953806089 0.297867983754972 0.28779629690712 0.277990451850588 0.277213982052204 0.268004352841815 0.259067404064475
0.174458859310743 0.181682317868379 0.189123369360717 0.196772210412499 0.204623529353145 0.212675521631152 0.215747759330355 0.224018187551267 0.232494256084739 0.24117615203003 0.250060130290486 0.259137113813046 0.268391565599138 0.27780072004403 0.287334202322145 0.298351343125769 0.308071574960985 0.317773153297321 0.327397972789261 0.336883650753434 0.346164448623016 0.355171985208646 0.36383555344167 0.372082028641485 0.379835195889571 0.387014535537181 0.39353342667355 0.399296840886193 0.404198731684257 0.408404619189132 0.411066718642755 0.412462030093037 0.412437809178226 0.410859353660637 0.408339714790603 0.403303897937543 0.396785104251845 0.388974344159886 0.380090178861487 0.375417117230813 0.365109854249245 0.358338827431573 0.349301296825972 0.344434987697322 0.333259699285167 0.322169343718139 0.311239858364062 0.300528667131574 0.296099875091928 0.285731754160619 0.275624427611042 0.268983010392288
0.183232731662385 0.190878881015825 0.198749480775713 0.20683353781861 0.215124870556662 0.22362098714922 0.232321639374831 0.241227175986376 0.244826796723579 0.253966341865458 0.263307572356153 0.272839589364614 0.282544661608848 0.292397521507911 0.302365094623153 0.313791227197087 0.32391281754788 0.333997796146283 0.343986437480149 0.353815473894848 0.363419129016379 0.372729879905763 0.38167876173196 0.390195172381034 0.398206025994784 0.405634206081283 0.41239626393866 0.418399341516883 0.423871538864381 0.427878601617822 0.430750970470811 0.432322816574837 0.432413238956859 0.430851425311592 0.428120680808764 0.422842517802581 0.415967565398214 0.407718498269283 0.398340969203828 0.392901247833699 0.382054992924659 0.374588751232805 0.368372048033331 0.356464569350305 0.344515938544929 0.332623081425783 0.320863676869513 0.309297396020662 0.307544311554988 0.29656275205793 0.28583523587008 0.275359273841358
0.19245029396564 0.200517016432472 0.208812831469602 0.217325437149701 0.226047630181723 0.234976082936626 0.244109756350877 0.253448111089664 0.262989245886727 0.267072803030146 0.27684451090985 0.286801048249051 0.296922306784194 0.307180391255247 0.318851839760023 0.329325131080211 0.339797234776376 0.350211259432891 0.360506297274628 0.370618743569511 0.380483441086398 0.390034507517987 0.399205634075649 0.407929828820699 0.416138437856806 0.423759333290414 0.430714192793097 0.436914656009064 0.442499415924944 0.446715552863962 0.449795944705387 0.451555812042365 0.451780617970493 0.450251848949586 0.447313289157409 0.44177590011472 0.434521345226378 0.425816237674785 0.417832562092805 0.406940719141757 0.399706083589938 0.392573897239896 0.383088423246472 0.370655113450895 0.35816624745438 0.345718565575026 0.333390211148836 0.330402086577303 0.318607134618017 0.307046110843916 0.295730693197529 0.284660754604472
0.202106113847741 0.210588238956101 0.219301585965472 0.228232433210353 0.237372437558353 0.246717284954304 0.256264968345017 0.266013882240953 0.275960826647636 0.286099137794829 0.297388878189788 0.307900456760434 0.318535975227217 0.329260530379907 0.334083831232629 0.344874359421011 0.355640467323474 0.366323753743352 0.376862581618495 0.387193554195144 0.397252769831348 0.406976670415037 0.416302399095044 0.425167511115607 0.433508911249714 0.441260961818583 0.448352449030125 0.454996972228245 0.460363767276664 0.464769475702734 0.468057561589044 0.470024828306127 0.470416760945724 0.46894981802539 0.466383261643146 0.460630710654516 0.45304088608472 0.443944371972882 0.434439780499349 0.423044657271009 0.415111359796382 0.409861564323154 0.397127680585193 0.384211028925351 0.371225658220704 0.358266852967518 0.345412377422333 0.34156598103563 0.329239847263717 0.317135439904706 0.305266472286533 0.29363509112148
0.212189668805146 0.221078649473144 0.230198257447252 0.239533246946204 0.24907401622784 0.258815122571803 0.268753434889456 0.278886094370239 0.289208432137067 0.30069407785723 0.311405081665643 0.322251878603849 0.333204400693002 0.344225151634432 0.355269686484764 0.366287576762333 0.371359470787097 0.382248370533941 0.392964900521821 0.403446386918552 0.41363070891726 0.423457200372142 0.432867027738518 0.441802922313795 0.450208176834496 0.458024752278586 0.465540292498465 0.471839371979875 0.477329419625808 0.481898332581451 0.485392209336369 0.4875945892326 0.488205895178953 0.487833505924988 0.484048855677172 0.477961798629763 0.469900599885622 0.461112066475011 0.450136256663979 0.442058721293393 0.433836738973492 0.423581605077243 0.41042167266039 0.397069942654331 0.383636268442014 0.370213489585126 0.356878426241514 0.352220794445716 0.339402450057644 0.326791887780744 0.314404829876287 0.302245688292384
0.222685385883186 0.231969060254391 0.24147989040616 0.251201019895044 0.261121483552231 0.27123458459524 0.281535923424279 0.292021229834398 0.302684204921637 0.314546481977613 0.325565293432439 0.336700345229458 0.347919058553172 0.359181512635816 0.370441084653851 0.381645613775873 0.392738908107645 0.397903283748793 0.40872977526829 0.419292531483383 0.429531621241837 0.439389623711519 0.448812013843306 0.457746957506017 0.466144412601426 0.474362520279628 0.481387975354096 0.487714319506395 0.493270372689431 0.497960543324025 0.501646262932472 0.504113745073336 0.505023986686377 0.504724637265643 0.500849574401491 0.494346557022471 0.485732259829934 0.476261204388078 0.464795085496062 0.456082040398988 0.447223809963733 0.436447389470506 0.422916381910296 0.409183631098357 0.395353760562351 0.381516752296093 0.375767327372979 0.362334516029748 0.349063344575907 0.335984111671447 0.323114655357483 0.310461726095793
0.233572755049728 0.243235194749869 0.253118347452051 0.263203699512845 0.273478840454061 0.283935712213448 0.294568518869339 0.305371459485125 0.317370801614906 0.328530256653818 0.339810304547601 0.351183400392505 0.362614603538917 0.374061798959382 0.385476513548891 0.396805254877562 0.407991137740981 0.418975712426579 0.424082606294585 0.434658082884184 0.444882644566938 0.454702240539443 0.464066629928546 0.472929217546134 0.48124628322294 0.489299607233744 0.496252796032131 0.502529442127348 0.508074777867323 0.512815840385956 0.516644784132124 0.51938282635435 0.52157270299951 0.520654367203504 0.516713117695522 0.509627336233577 0.500345690489241 0.490196851973258 0.481563481919279 0.472615394682223 0.461923437179557 0.448412225008439 0.434573454386396 0.420518754964216 0.406347647191972 0.392147583204693 0.385710888972152 0.371884088339351 0.358199029078209 0.344688042893003 0.33137131276516 0.318258101944917
