R/Data/side_v1_12_3.asc
NCOLS 365 
NROWS 740 
XLLCORNER 0.791666667335165 
YLLCORNER 6.2083333340009 
CELLSIZE 0.00833333332967033 
NODATA_value -9999 
[rows 552 to 574 of 740, columns 156 to 207 of 365]
0.0184055843504454 0.0180849023911496 0.0177786022822645 0.0174654154679709 0.0171153149773826 0.0167113986919542 0.0162523188196266 0.0157482375732628 0.0152162460598879 0.014672768697362 0.0141426023856502 0.0136484539746235 0.0132308830747153 0.0128397523240478 0.0124431908130021 0.0120385852971765 0.011629911191949 0.0112245173456062 0.01083132528594 0.0104595066183426 0.0101174703120903 0.00981211187269063 0.00906124445926436 0.00885461143922074 0.00869176067386984 0.00857146687649584 0.00849170814029524 0.00845034879932843 0.0084455961669003 0.00847624285970564 0.00854175498867577 0.00851946206281337 0.00865824265319788 0.00883403070780325 0.00904827433072359 0.00930246147380128 0.00959781720756101 0.0100544232704882 0.0104279560392344 0.0108417368224558 0.0112926204845405 0.0117758527916085 0.0122850654547907 0.0128123944687115 0.0133487165556221 0.0138839953845437 0.0144077242640754 0.0149094220891115 0.0153791422023493 0.0158079346012877 0.016188207931899 0.0165139550074619
0.0180032269437789 0.017682022394987 0.0173718104810941 0.0170575925951307 0.0167158230310365 0.0163308395858104 0.0158994735959414 0.0154290518396609 0.0149337946851675 0.0144315400332729 0.0139356966932435 0.0134763372363022 0.0130708930332988 0.0126906025806422 0.0123071501491284 0.0119153052733136 0.0115182649977449 0.0111229053774419 0.0107376411531144 0.0103710439442578 0.0100308814669401 0.00921973459921985 0.00896358284509193 0.00874666628406563 0.00856962863497381 0.00843179043202952 0.0083317419978645 0.00826788855534606 0.00823884309947486 0.00824366271861892 0.0082819623927612 0.00823932865072101 0.00834845312162152 0.0084933486708711 0.00867548889464033 0.00889641748662091 0.00927562205438466 0.00957203955493894 0.00990968942245964 0.0102871608989501 0.0107016520985525 0.0111488829225492 0.0116231144596521 0.0121172693698467 0.0126231473916128 0.0131317252899916 0.0136335293785458 0.0141190516844944 0.0145791731511209 0.0150055494644802 0.015390917697765 0.0157292875096415
0.0176218261536814 0.0173026886239348 0.0169913798808244 0.0166773722690751 0.0163426385020609 0.0159736545722333 0.0155664650972416 0.0151262003522913 0.0146644866232844 0.0141966610855881 0.0137352352496393 0.0133019098591388 0.0131010063011436 0.0127138717063153 0.0123264355763905 0.0119320157915186 0.0115327066262471 0.0111346887226563 0.0107457866922756 0.0103739869920604 0.0100264864973887 0.00970911062941722 0.00942601008897423 0.00862142088287512 0.00843209212745987 0.00827889728009787 0.00816089210088198 0.00807691831409756 0.00802594261714761 0.00800727842983341 0.00802070868175055 0.00796024618650362 0.00804212803251307 0.00815865215546936 0.00831135086860027 0.00861938525768672 0.00884310602333293 0.00910759207656138 0.00941277160890192 0.00975742348993695 0.0101390111646869 0.0105536327919248 0.0109960689455192 0.0114599126421041 0.0119377667844214 0.0124215051711778 0.0129025855591889 0.0133723959640376 0.0138226039549832 0.0142454744858292 0.0146341229943626 0.0149826749697541
0.0172558938407288 0.0169408782960634 0.0166308677189539 0.0163185764568767 0.015990400371543 0.0156351520121771 0.015248764547507 0.014834716363631 0.0144022754048336 0.0141845429668854 0.0137361082063309 0.0133099063728759 0.0129115491824222 0.0125296735937565 0.0121487634307092 0.0117623273658648 0.0113714923928342 0.0109815119315764 0.0105993998908009 0.0102324257381319 0.0098871737681232 0.00956899698086217 0.00928176116357997 0.0090278158849512 0.00880816568291906 0.00839897934483036 0.00825289648125791 0.0081397922099673 0.00805885099213311 0.00800954601093461 0.00799176666249397 0.00800588156387818 0.00773901736408762 0.00782970245790741 0.00807317684124988 0.00822942611013918 0.00842497642607848 0.00866074732443325 0.00893678420880619 0.00925200069962133 0.00960404979780286 0.00998931811770182 0.0104030074602026 0.0108392762900895 0.0112914251050983 0.011752122861283 0.0122136687117607 0.0126682764806382 0.0131083591488127 0.0135267882281525 0.013917095816772 0.0142736032338033
0.0169002083055868 0.0165909251562885 0.0162841307213757 0.0159749221501405 0.015653154182925 0.0153098302794931 0.0149411495756605 0.0147891374185044 0.0143629963149012 0.0139315816458813 0.0135064050639859 0.0130975029237732 0.0127082838794579 0.0123311919540445 0.011955316457454 0.0115752105722822 0.0111914928251506 0.0108085883658145 0.0104326906754507 0.0100703372275263 0.00972750345193197 0.00940908755909036 0.00911868231374374 0.008858563064188 0.00862984631177317 0.00821950667850342 0.00805957073152636 0.00793063940935469 0.00783219177146931 0.00776394254046433 0.00772596771859581 0.0077187764290757 0.00774333423626488 0.00793646447653039 0.00771924083150102 0.00785083815107567 0.00802120515798924 0.00823137239098792 0.00848147376160838 0.00877050224603386 0.00909622596278172 0.00945523496579407 0.00984306285002166 0.0102543423611873 0.0106829798868097 0.0111223503421194 0.0115655142550375 0.0120054476891179 0.0124352705060626 0.0128484517498554 0.0132389685225008 0.0136014014232334
0.0165498632395535 0.0162475385006306 0.0159454385502514 0.015640423608695 0.0153250282280512 0.0152460427596995 0.0148753402957686 0.0144849470913356 0.0140807067581654 0.0136710464312823 0.0132651704384559 0.0128706538944195 0.012489716593861 0.0121172720782605 0.0117457556251716 0.0113710080993092 0.0109935038338885 0.0106170108036688 0.0102469587438534 0.00988917190669722 0.00954903066895035 0.00923099191820293 0.00893838173061342 0.00867338802130081 0.00843720216854659 0.00802818395175492 0.00785636542118346 0.00771370247621423 0.00759993200663863 0.00751498880956974 0.00745912643786395 0.00743299458437541 0.00757457028701543 0.00760254139095822 0.00766589772596198 0.00776649639580217 0.00763197359028641 0.00781950655540105 0.00804672686529299 0.00831265015293419 0.00861508478388961 0.00895074397005979 0.00931541280857864 0.00970411851677252 0.010111294294388 0.0105309448180081 0.0109568223341571 0.0113826076775998 0.0118020900684488 0.0122093247546189 0.0125987516579742 0.0129652616742306
0.0162003354901555 0.0159058696170904 0.0156095753048468 0.015570374941711 0.0152468975525548 0.0149080277217092 0.014551224367636 0.0141776492783193 0.0137918130894749 0.0134004081569188 0.0130107054263911 0.0126284180631049 0.0122551073086857 0.011887376304976 0.011520078152116 0.0111502815076989 0.0107785325189425 0.0104081064737567 0.0100437585403215 0.00969064621312687 0.00935358282400947 0.00903660203265975 0.00874276949472217 0.00847417550071897 0.00823205697857621 0.00801700043034986 0.00764486524552708 0.00749045800349615 0.00736344313905785 0.00726395338719017 0.00719240748013223 0.00728859553562669 0.00726570596616654 0.00727576196094557 0.00732060371189603 0.00740224778630633 0.00752254591117421 0.00768272867318723 0.00763253609081702 0.00787825067727784 0.00816023691595468 0.00847525413131991 0.00881926670298177 0.00918762876078875 0.00957523355445477 0.00997665076170441 0.0103862633363881 0.010798406880734 0.0112075039869729 0.011608181829911 0.011995353871323 0.0123642585477433
0.0110557973535128 0.0155762157805393 0.0152863441185874 0.0152136336772753 0.0148974410949028 0.0145679923417838 0.0142232521930305 0.0138640271047722 0.013493815714069 0.0131179032350233 0.0127419825460019 0.0123703809375953 0.012004293428703 0.0116415214380365 0.011278671422841 0.0109138613297323 0.0105478053576488 0.0101834145630124 0.0098248641204939 0.00947670649210428 0.00914322805012103 0.00882806350306054 0.00853402741760343 0.00826310534671672 0.0080165562608567 0.00779508403473845 0.00742700729746951 0.00726274715174442 0.007124461966087 0.00701246002667749 0.00706904987482913 0.00700063239650323 0.00696284279792784 0.00695728542788294 0.00698595397255647 0.0070510531413722 0.00715462860523447 0.00729803833338907 0.0074814680501763 0.00770373898570869 0.00773133431790828 0.00802820421405357 0.00835385394724528 0.00870390670783981 0.0090736619356116 0.00945819982073083 0.00985248314150284 0.0102514567774821 0.0106501438548191 0.0110437267699253 0.0114275968466073 0.0117973675588732
0.0110138283765661 0.0107549417607911 0.0104864548629467 0.0102316623430231 0.0145430073428934 0.0142223290964423 0.0138883203193867 0.0135415989972315 0.0131849065116071 0.0128224059584415 0.0124585350617463 0.0120966047906003 0.0117376111091734 0.011380224512943 0.0110223273644675 0.0106628818273918 0.0103027893697377 0.00994468565258936 0.0095922518081844 0.00924950215390598 0.00892024261104723 0.00860773847959516 0.0083145659462495 0.00804260149994015 0.0077931072825035 0.00756687454058186 0.00720500630625507 0.00703269619513636 0.00688501045793799 0.00690747500663041 0.00679857686430517 0.00671816903891745 0.00666754214530322 0.00664843579108573 0.0066630176429271 0.00671371846075816 0.00680282514457817 0.00693184837870765 0.00710094083036798 0.00730873074809031 0.00755259933525751 0.0078291067799724 0.00791841303943578 0.00825199027342362 0.00860544159661709 0.00897431467040326 0.00935410874551708 0.00974033924674482 0.0101285992655515 0.0105146082324218 0.0108942340136912 0.0112634838462685
0.0107801485848834 0.0105298149569912 0.0102685264943879 0.0100181300538205 0.00976740671361421 0.00951382542622448 0.00925567892412637 0.0132086078759573 0.0128639374467438 0.0125133858288037 0.012160417931127 0.0118076080995669 0.011455851118442 0.011104454376648 0.0107522292310805 0.0103987883074454 0.0100451984217175 0.00969387587919736 0.00934808095388479 0.00901135405198946 0.00868706997086491 0.00837815648808308 0.00808696624497626 0.0078152652269952 0.00756430279828429 0.00733493078608507 0.0069812690872982 0.00680262928995102 0.00679623463415693 0.00665171372857782 0.00653367984137859 0.00644313533898401 0.00638149042440616 0.00635062959252626 0.00635292159794332 0.00639107458557306 0.00646768688202956 0.00658446514387 0.00674149223267824 0.00693710031139106 0.00716834853589296 0.00743161281654272 0.00772297360133502 0.00783091930974742 0.00816943316569685 0.00852371110750604 0.0088897543559002 0.00926361539936685 0.00964142891474227 0.0100194321478875 0.0103939646950651 0.0107614372902978
0.0105421686253637 0.0103003375500225 0.0100580292822964 0.00980108214944249 0.00955443888491055 0.00930508875678625 0.00905190366689865 0.00879493858301487 0.00853552575936027 0.0121908956589241 0.0118481927452303 0.0115043536380315 0.0111602264495872 0.0108155874533202 0.0104699197458889 0.0101233196255284 0.00977697795795753 0.00943312575500341 0.00909466190285554 0.0087647119652001 0.00844626742789529 0.00814195087225638 0.00785390756164335 0.00758379304705604 0.00733283021500549 0.00710190775254626 0.00689169701301351 0.0067234296937727 0.00655285772823376 0.00640206322508508 0.00627658809202831 0.00617753521350273 0.0061064303357519 0.00606531527499182 0.00605679446781018 0.00608392377096972 0.00614971676633727 0.00625614916087457 0.00640318635676406 0.00658872424272298 0.00680937118422207 0.00706124339248888 0.00734039066231747 0.00764294496537553 0.00796514818234393 0.00810510416619126 0.00845802816492788 0.00881983379678804 0.00918717091424079 0.00955677577811429 0.00992544899742302 0.0102900087255783
0.0102985811784091 0.0100651059548182 0.00982946380464839 0.00959253978283565 0.00933672020582525 0.00909173842699105 0.00884337688437833 0.00859184382608331 0.00833828104004313 0.0080844685437156 0.00783227470205479 0.0111882287634209 0.0108523380763448 0.010515359456745 0.0101772556474499 0.00983846920050365 0.00950026902987326 0.00916472042306522 0.00883440869059817 0.00851209740258267 0.00820043883280332 0.00790178212779878 0.00761808095162513 0.00735088211571415 0.00710137033988087 0.00687044940359574 0.00668395943939841 0.00648613338649234 0.0063164078718139 0.00616093523516196 0.00602953365329192 0.00592338223983324 0.00584411224800168 0.00579393338421915 0.00577572979156374 0.00579300076317799 0.00584933137518866 0.00594708817240617 0.00608605049673042 0.00626347639255146 0.00647536191676344 0.00671748812906556 0.00698585044201911 0.00727674037485493 0.00758670570813813 0.00792998917287974 0.0082679881292094 0.00861573208084555 0.00897033558865251 0.00932899312996685 0.00948731922411461 0.00984794237177446
0.0100486875828043 0.00982334447716679 0.00959444767220969 0.00936308854044356 0.00911335992633265 0.00887299028771097 0.00862950963168418 0.00838327872470407 0.00813532189896146 0.00788711060506702 0.00764015663124644 0.00739558813400632 0.00715391575201928 0.0102058090770615 0.00987634984956029 0.00954643008696692 0.00921735448484517 0.00889103349088247 0.00856977785532724 0.00825603469813601 0.00795215814257118 0.00766025252828557 0.00738209622335361 0.00711912937021283 0.00687248955680196 0.00667248375731981 0.00645454356601377 0.0062567026259703 0.00608932045808478 0.00593064320762999 0.00579468282827728 0.00568265653652407 0.00559627371414512 0.00553791154112494 0.00551078175580573 0.00551895815926911 0.00556683736760153 0.00565738692825278 0.00579009094355047 0.00596125892954663 0.0061660667477736 0.00639989057744325 0.00665867235240575 0.0069388832200432 0.0072543707394784 0.00756789220277576 0.00789421929966438 0.00823083474170355 0.00857532658801339 0.00892534991442745 0.00927857619183232 0.00963262043219132
0.0097923856149146 0.00957489024943312 0.00935275783540121 0.00912720181791612 0.00889861662872979 0.00864864721388541 0.00841025616763335 0.00816940985797739 0.00792706660966547 0.00768448645546353 0.0074429368635731 0.00720339813585999 0.00696641562435652 0.00673219039230803 0.00650086362216181 0.00924952692526453 0.00893059161359202 0.00861445874466708 0.00830319661127485 0.00799897555800226 0.00515034291002057 0.00496954836401913 0.00480145500334165 0.00464680549313043 0.00458329260452753 0.00444931672878434 0.00433057245427188 0.00422711877638809 0.00413901723060307 0.00571331699985864 0.00557407754149251 0.00545728141210981 0.00536465663206006 0.00529871053886618 0.00526301449898188 0.00526238819080386 0.00530242462394225 0.00538707896214454 0.00551534476772203 0.00568207258149846 0.00588134564295037 0.00610809014756582 0.00635824198608633 0.00662851324306451 0.00693220331805987 0.00723438799990664 0.0075492905908836 0.00787484818575008 0.0082090985622676 0.00855013258057328 0.00889603645613106 0.00924481228208427
0.00953013392684265 0.00932015566881212 0.00910475687578033 0.00888520443711632 0.00866214801314995 0.008419049118071 0.00818606282060912 0.00795083826851483 0.00771430119513408 0.0074775703658764 0.00724175041639123 0.00700772939212368 0.00677608854175868 0.00654717884399732 0.0063213255254929 0.00609904761519706 0.00593834476031574 0.00559791091210356 0.00539276875472923 0.00519625160066369 0.00500967127923804 0.00483415049844551 0.00467057650730769 0.00451959634092182 0.00445300828221187 0.00432164595637474 0.00420446055606063 0.00410150379827305 0.00401282640271589 0.00393854924650222 0.00387894684260195 0.00383455486021774 0.00515106191940622 0.00507794888841472 0.00503364961900563 0.00502391591692554 0.00505618239629359 0.00513617755991692 0.00526201052633997 0.00542615990920573 0.005621273678297 0.00584187137776906 0.00608402587288061 0.00636038566755915 0.00663715949422578 0.00692823216938304 0.00723183242142959 0.0075463302244948 0.00787018400996308 0.00820189150457821 0.00853992906284544 0.00888266641210902
0.00926288758624023 0.00906006299427175 0.00885132644976685 0.00863793995193482 0.00842071760040994 0.0082002321906532 0.00795779886908858 0.00772853205783558 0.00749811371920223 0.00726757019965695 0.00703789870881259 0.00680993095939866 0.00658428011714203 0.00636140283731202 0.00614174663639525 0.00592590374604856 0.00576732605510803 0.00544050077611814 0.00524237816649952 0.00505262145370819 0.00487235965005807 0.00470255832875252 0.00454398284847233 0.00446984684640098 0.00432862224180465 0.00420046545832267 0.0040854802953373 0.0039837088946713 0.00389518783829477 0.00382001093285667 0.00375840334769542 0.00371081991377132 0.00367809314457367 0.00366167879878187 0.00366409956101028 0.00480446797952225 0.00482814937531449 0.00490481800242868 0.00503076115333502 0.00519427369516213 0.00538627293260673 0.00560119317861286 0.00583555329338465 0.00610180569148969 0.00636816218869019 0.00664816588325986 0.00694046800618534 0.00724383858646094 0.0075571209815442 0.00787918525068054 0.00820886756407494 0.00854488375394139
0.00899201267210419 0.00879595892582015 0.00859377851334312 0.00838668179923802 0.00817556882291713 0.00796116161777713 0.00772667321713281 0.00750374744394055 0.00727982096395901 0.00705585939878895 0.00683278906844918 0.00661140729510332 0.00639235198382801 0.00617615085102561 0.0059633274980696 0.00575450925451236 0.00561192860515652 0.00539590191850792 0.00509534185827518 0.00491271164887157 0.00473913389048563 0.00457543621152457 0.00449569155701593 0.00434719100311342 0.00421063075290891 0.00408620303935323 0.00397399921125511 0.00387405441058201 0.00378639514894034 0.00371109277640188 0.00364832585097492 0.00359846302147105 0.00356218625220195 0.00354070729353212 0.00353621326401463 0.00355294678961214 0.00359975982852213 0.00469374796053545 0.00482356598603666 0.00498810866284701 0.00517719148935972 0.00538612903841687 0.00562676173502707 0.00586832905984075 0.00612407449250204 0.00639288765558332 0.00667379630780648 0.00696592274260943 0.00726844973638139 0.00758058002866948 0.00790147598916463 0.00823017291114459
0.00871917726786561 0.00852950407088138 0.00833374707746004 0.00813302406692952 0.00792825510321487 0.00772024147187418 0.00750976004079272 0.00727793887354855 0.00706088608635944 0.00684390371018555 0.00662787098286971 0.0064135626428057 0.00620163316548737 0.00599265468353117 0.00578719313083812 0.0055858836437084 0.00544726839537906 0.00523864787663746 0.00505061755508846 0.00477715760229637 0.00461055872249257 0.00452679651843928 0.00437341093399864 0.00423082081590896 0.00409931643662337 0.00397906849868648 0.00387016122885638 0.00377262961149233 0.00368650092893308 0.00361183989785154 0.00354880121979817 0.00349769623286085 0.00345908646979322 0.00343393438250991 0.00342389610795033 0.00343210673556125 0.00346714300083657 0.00355362404311451 0.00368515411719639 0.00383410433752669 0.00400166410600099 0.00418579322483601 0.0054275952018351 0.00565890497845768 0.00590363903323838 0.00616101973203378 0.0064303745734635 0.00671111454467095 0.00700270922058472 0.00730464957718457 0.00761638821690699 0.00746979328525343
0.00844623324065556 0.00826255533200183 0.00807306921126359 0.00787876487240931 0.00768052557026816 0.00747917167457581 0.00727551354045577 0.00707038907684279 0.00684283714674725 0.00663319138256589 0.00642457642697798 0.0062177510127183 0.00601337823152268 0.00581205490636548 0.00561436463614529 0.00542093197277185 0.00528679664986128 0.00508586936023612 0.00490588901247463 0.00473337659997865 0.00455989277105348 0.00440378274837011 0.00425732777529206 0.0041209043312333 0.00399476769309157 0.00387907277667729 0.00377390296090749 0.00367930293110611 0.00359531513242173 0.00352202070158971 0.00345958777324194 0.00340833185431025 0.00336880032051655 0.00334190264537219 0.00332914411845313 0.00333316178120552 0.00336034510885005 0.00344886592354528 0.00356955899409132 0.00371082178429492 0.00386952387389641 0.0040439646831774 0.00423298465108237 0.00443571164947017 0.00523913325682079 0.00548135639686116 0.00573572352082098 0.0060018509294125 0.00630928218071503 0.00659851412947129 0.00689856414394814 0.00720899705669079
0.00817509749699473 0.00799704600534831 0.00781366598104467 0.00762578805269232 0.0074342102879245 0.00723972041135831 0.00704312090551505 0.00684524219084879 0.00662719014650966 0.00642516651518042 0.0062242652042041 0.00602523195820041 0.00582873239365195 0.00563537280667388 0.0054457382742089 0.00526043023107115 0.00513119785688757 0.00493814500952645 0.00487235390157243 0.00470201368974597 0.0044353140496121 0.00428692478848236 0.00414752707081584 0.00401744650963478 0.00389690873878502 0.00378605856943233 0.0036849850570942 0.00359375131765798 0.00351242882962991 0.00344113746687977 0.00338009476821319 0.00332968237895947 0.00329054594972814 0.00326376899564125 0.00325123759435909 0.00325661836160475 0.00328843257767665 0.00336689004293508 0.00347420661712508 0.00360458808036884 0.00317957910169403 0.00333853562320108 0.00351166414546956 0.0036981908892971 0.00389754394108198 0.00530075227939647 0.00554345805830813 0.00579815682606415 0.00609489384752373 0.00637370536322933 0.00666417547897514 0.00696610308814715
0.00790764010859082 0.00773487296405712 0.00755743032073342 0.0073759537174552 0.00719111410685255 0.00700362362703796 0.00681424217359203 0.00662377149929748 0.00643303590916157 0.00622117248859385 0.00602817940208903 0.00583713557219396 0.00564870420497923 0.00546349144827173 0.00528207259277862 0.00510501861591409 0.00498101557279146 0.0048974680983048 0.00472907988308789 0.00456763699022278 0.00432398149046767 0.00417625086810568 0.00404396073733941 0.00392032189355096 0.00380553539954702 0.00369973982664012 0.00360303434771228 0.00351550666066816 0.00343726622799074 0.00336848526550648 0.00330945116649854 0.00326064106126186 0.0032228383844226 0.00340495314596583 0.00338658077760526 0.00338783268992574 0.00341586703718163 0.00347850428652898 0.00357333631899912 0.00294278686759179 0.00307729745785143 0.00322662835710639 0.00338972268071259 0.00356659973422282 0.00375535109997398 0.00395637216645623 0.00416950368499645 0.00439470749380553 0.00623874323912995 0.00651264903256142 0.00681287138947008 0.0071129185109201
0.00764559455622981 0.00747780534878367 0.00730613443779596 0.00713100638345897 0.00695292821174045 0.0067725015444451 0.00659041588205673 0.00640742787757462 0.00622432944641766 0.00602240877192055 0.00583741001494919 0.00565443751677801 0.00547414933181731 0.00529714512454917 0.00522350066833728 0.00505120810263059 0.00491721805734281 0.00475184688357443 0.00459255252092201 0.00443986020757972 0.00429423912389199 0.00407672387714018 0.00394648015476229 0.00382931085327531 0.0037203540227634 0.00361974420553723 0.00352759240437119 0.0034440127189572 0.00362424962867825 0.003547245542249 0.00348042326959917 0.00342435439367505 0.00337994811441418 0.00334865414238389 0.00333279193096437 0.00333603774309893 0.00336371889894522 0.00265868465294106 0.00274947357110554 0.00285899159253987 0.00298460175493984 0.00312465486101702 0.00327811147101164 0.00344430670752971 0.00362283371809331 0.00381348423247172 0.00401621566414104 0.00423112490903805 0.00445841889658848 0.00469837103032409 0.00736900123161466 0.00776748190743874
0.00807306998398616 0.00790561327949365 0.0077349520943043 0.00689250673278051 0.00672116384688646 0.00654779598959282 0.0063730023574592 0.00619748228368019 0.00602199206421305 0.0058472996284913 0.00565287495957826 0.00555452910406799 0.00538113684455174 0.00521092934965781 0.00506145332631864 0.00489814489402699 0.00476955798176544 0.00461328470880672 0.00446284701925795 0.00431868603742463 0.00418119158033158 0.00401824264740011 0.00385486789319054 0.00405706535595041 0.00394028015562783 0.00383190330564667 0.00373210412069517 0.00364105604171201 0.00355897063541025 0.00348614093779151 0.00342299875324151 0.00337019315903506 0.00332870292550905 0.00329999963934245 0.00246303968874213 0.0024900896061563 0.00253381783825691 0.00259739978170672 0.00268100619037775 0.00278244404122167 0.00289949497135722 0.00303060891033252 0.00317478465829895 0.00333140086481599 0.00350011237145417 0.00368079226103185 0.00387349788802484 0.00407844397464792 0.00429715352375655 0.00452773167602409 0.00477175840901026 0.00502959356443963
