R/Data/side_v1_12_1.asc
NCOLS 365 
NROWS 740 
XLLCORNER 0.791666667335165 
YLLCORNER 6.2083333340009 
CELLSIZE 0.00833333332967033 
NODATA_value -9999 
[rows 92 to 114 of 740, columns 255 to 305 of 365]
0.00400826383679864 0.00406439725804993 0.0041189186624583 0.00417178746053352 0.0042229820467036 0.00427249494349366 0.00432032696968526 0.00436648026831764 0.00441095078712853 0.00446461064891926 0.00450457243355693 0.00454284197663907 0.00457930227192432 0.00461380212437713 0.00464615591304177 0.00467614654904522 0.00470353195781348 0.004728055442342 0.00474945964649863 0.0047675039955605 0.00478198494733749 0.00479275807394343 0.00479976109800525 0.00480303621496388 0.00480275040548888 0.00479921204745838 0.0047928825451545 0.00478438131636002 0.00477448328291983 0.00476410746944617 0.00403684390343489 0.00402095102997925 0.00400681159281957 0.00399535286981095 0.003987447076986 0.00398386963401832 0.00398526334329413 0.00399211406760369 0.0040047412010342 0.00402330212947531 0.00406560303700438 0.00409515082696749 0.0041302176383803 0.00417046802767474 0.00421547436335198 0.00431839281534849 0.00436838896695666 0.00442129655151272 0.004476394886376 0.00453291625818364 0.00459006461357498
0.00399227772713618 0.00404937478800513 0.00410481314238505 0.00415855042307915 0.00421056694310796 0.00426086089990631 0.00430944226089501 0.00435632548555753 0.00440152151062651 0.00444502941175895 0.00448682846311049 0.00453741977073356 0.00457467725136314 0.00461007057213974 0.00464343406183497 0.00467456953256021 0.00470325232311322 0.00472924124669421 0.00475229194365376 0.0047721738255442 0.00478868961056298 0.0048016966847993 0.00481112938745324 0.00481702049465 0.00481952084505155 0.00481891529569941 0.00481563367496684 0.00481025546084848 0.00480350680287777 0.00479624917218668 0.00407137252621906 0.00405759856242689 0.00404535822603353 0.00403552329463629 0.00402891466454373 0.00402626528902278 0.00402818858033838 0.00403515654280439 0.00404749001402864 0.00406536042783238 0.00410710297382869 0.00413524657949372 0.00416859693156275 0.00420684924965069 0.00424960787612881 0.00435091851779369 0.00439830425743945 0.00444846766332495 0.00450073433503788 0.0045543870667645 0.00460868355398677
0.00397488068256231 0.00403290405468894 0.00408922624834083 0.00414380341251535 0.00419661835356836 0.00424767578343813 0.00429699581141526 0.00434460630689467 0.00439053427223276 0.00443479690281109 0.00447739288999872 0.0045182945284372 0.00456874399089822 0.00460510006749765 0.00463954919164309 0.00467191054661568 0.00470197500645788 0.00472951459324434 0.00475429564562797 0.00477609509762448 0.0047947195493068 0.0048100260296008 0.00482194348320767 0.00483049364396959 0.00483580984251286 0.00483815239901735 0.00483791906879993 0.0048356492183429 0.00483202081972951 0.00482783903848335 0.00410507193664134 0.00409337684989774 0.00408299456666308 0.00407474600853842 0.00406940573878233 0.00406766867049279 0.00407012180301224 0.00407722425426304 0.00408929733271431 0.00412609099021707 0.00414781350822794 0.00417461431420836 0.004206316197889 0.00424264400524421 0.0042832334949525 0.00438299659840323 0.00442785974937973 0.00447536935402836 0.00452489547031152 0.00457576881504875 0.00462729751444394
0.00709516294056591 0.00721079298960488 0.00732257488906986 0.00743030511425398 0.00753385416766614 0.00763315918372344 0.00772821124515268 0.00781903861959913 0.00790568601953426 0.00798819221786776 0.00738057498159698 0.00745029723709952 0.0075161175441884 0.00759290564317794 0.00764922938024002 0.00606586480274302 0.00610514004811572 0.0061406410170636 0.0061720193894697 0.00619893321740067 0.00516647072180432 0.00518267916712968 0.00519448288325718 0.00520189225314884 0.00520504128769776 0.00520420422146741 0.00519980619617678 0.00519242677776728 0.00518279523467794 0.00517177659452046 0.00516034845007693 0.00514956862238435 0.00514053483191772 0.00513433829276126 0.00513201461075375 0.0048437123982547 0.00486604387209349 0.00489476531303154 0.00493025639491648 0.00499288268509296 0.00504161459019848 0.00509715339520148 0.0051592240132959 0.00522742405949161 0.00530123603172764 0.00435838709786358 0.0044036224835193 0.00445143875957037 0.00450124002896157 0.00455239274908691 0.00460424143707277
0.00706419687206973 0.00718096957488516 0.00729377682484136 0.00740240646731628 0.0075067304347814 0.00760669799631182 0.00770232308855382 0.00779366660627947 0.00788081422266982 0.00796385203436494 0.00735915862636462 0.00742973081805998 0.00749656914889392 0.00755953796397105 0.00761842223838677 0.00605683445954595 0.00609787622114638 0.00613539961099773 0.00616906816849954 0.00619854666785681 0.00517182566423802 0.00519068411870111 0.00520532050403231 0.00521572868202523 0.00522201969293227 0.00522443779889695 0.00522337097532571 0.00521935429257312 0.00521306540366591 0.0052053112654328 0.00519700600686895 0.00518914045364432 0.00518274432240454 0.0051788433654179 0.005178414376551 0.0048858667896801 0.0049090952562227 0.00493823716595069 0.00499518166640271 0.0050364321521036 0.00508418272375619 0.00513833058011534 0.00519863533904293 0.00526473188151078 0.00533614209283228 0.00438855310937389 0.00443140925256043 0.00447671584902581 0.00452391805814297 0.00457242587967613 0.00462162901918529
0.00703194216840093 0.00714984955725332 0.00726367260294485 0.00737318778906097 0.00747826679272632 0.00757887039111235 0.00767503576402164 0.00776685774857717 0.00785446531191486 0.00793799484658885 0.00733612928417028 0.00740751776778433 0.00747534984545662 0.00753953505034515 0.0075998991527432 0.00603104882388223 0.00608894482517919 0.00612853604481844 0.00616454611648636 0.0061966439190966 0.00517555867813897 0.00519711968511161 0.00521463849518207 0.00522809031246733 0.00523756128615032 0.00524326437033136 0.00524554939150911 0.00524490663828419 0.00524196254105976 0.00523746717727152 0.0052322733195566 0.00522730775765108 0.005223536071963 0.00522192287558667 0.00522339052824217 0.00492685098395145 0.00495100692954263 0.0049806167090992 0.00503829610763708 0.00507907827854329 0.00512593100308466 0.00517877892369851 0.0052374140212411 0.00530150681382871 0.00537061733207703 0.00441804055521558 0.00445860685183762 0.00450149366319856 0.00454618561250745 0.00459213422459615 0.00463877199212349
0.00699851187743672 0.0071175526584957 0.00723238727969419 0.00734277761371922 0.00744859252520664 0.00754980281445664 0.0076464686050449 0.0077387200041179 0.00782673151623383 0.00791069285879498 0.00731153240748164 0.00738367659358185 0.007452448735478 0.00751780602592888 0.00757961674435301 0.00601666817344157 0.0060622991214518 0.00610490251587492 0.00615822210245124 0.00619297291996645 0.00517740069366611 0.00520170337040932 0.00522214449856141 0.00523867838619045 0.00525136442346981 0.00526038258644247 0.00526604350616163 0.00526879215296166 0.00526920387043711 0.00526797273982653 0.00526589188387377 0.00526382664314662 0.00526268160875219 0.00526336392248148 0.00526674506093066 0.00496648725041242 0.00499161292956537 0.00504545140969146 0.00508028046454229 0.00512067405914047 0.00516671789975644 0.00521836171997947 0.0052754277229099 0.00533762046337957 0.00540453686689331 0.00444673987066038 0.00448510818161396 0.00452566681726099 0.00456793838690077 0.00461141412436904 0.00465556709801103
0.00696402246082299 0.00708420619821962 0.00720005877722053 0.00731132320466649 0.00741786186851316 0.00751965313576534 0.00761677929779011 0.00770940618471057 0.0077977558425701 0.0078820745783443 0.00728547468204342 0.00735829078000443 0.00742792261301952 0.00749437821433027 0.00755757069228489 0.00600038649745131 0.00604780836535935 0.00609249294825508 0.00613413401390636 0.00618732824173372 0.00517712163147042 0.00520418483652867 0.00522757147720583 0.00524721297732887 0.00526314008068495 0.00527549820227456 0.00528455757862333 0.0052907170281513 0.00529450075006807 0.00529654735332635 0.00529759163556005 0.00529843940341997 0.00529993689271448 0.00530293663724205 0.00530826205744668 0.00500457917959815 0.00503072854557586 0.00508600575853759 0.00512096122318177 0.00516105351000288 0.0052063839664142 0.00525692526085897 0.00531252798280632 0.00537292909396127 0.00543776121278164 0.00447452795070232 0.0045107935010203 0.00454911818676953 0.00458906123969254 0.00463015191475787 0.00467190196091221
0.00770531813048587 0.00782082255806582 0.00793026963461488 0.00803341019769944 0.00813018276238988 0.00802977686533818 0.0081251796039476 0.008215165535542 0.00830013674314766 0.0083805470126654 0.00845685325372983 0.00852946756812808 0.00859871347536 0.00866479119371236 0.00872775417825397 0.00816228331224953 0.00821913591769662 0.00827212063882185 0.00832081145766774 0.00836473951828815 0.00842116775595421 0.00845329894920611 0.00847945618510825 0.008499433473621 0.00851319503658488 0.00853554371911589 0.00853841183020122 0.00853606512168451 0.00852932786680388 0.00851922845955144 0.00638221847380577 0.00638612686543424 0.00639071231315584 0.00639695063282064 0.0064057886322476 0.00641810414692878 0.00646083945186002 0.00648158056000103 0.00650767089058894 0.00653944124674844 0.00548960577971722 0.00552429600182019 0.00556362629427894 0.00560739334515664 0.00565528935223231 0.00570691245445141 0.00576177795139999 0.0058193307748637 0.00587895924376438 0.00594001030044992 0.00600180639204558
0.00767028357373411 0.00778696922439256 0.00789739687256199 0.00800127873524963 0.0080985326351851 0.00799696965606463 0.00809263841860275 0.00818272253367811 0.00826768411470702 0.00834805171224957 0.00842436660023614 0.00849712875182495 0.008566747671908 0.00863350256219959 0.0086975155226362 0.00813619902703786 0.00819496857344221 0.00825030931134023 0.00830180935479343 0.00834900313406016 0.00839141347671466 0.00842859649109937 0.00847788098267651 0.00850276772824859 0.00852174744641773 0.00854975596551154 0.00855827099538387 0.00856166701052219 0.00856067751752821 0.00855623316513463 0.0064137527279225 0.00642134527887002 0.00642931586258774 0.00643857545323766 0.00645001394434996 0.00649228264951778 0.00650976478169758 0.00653158501440107 0.00655822898496161 0.00659003452032834 0.00553105378083404 0.00556483463230546 0.0056028872982319 0.00564503985253456 0.0056910196561479 0.00574046305625313 0.00579292633306907 0.00584789773486558 0.00590481083044852 0.0059630591911761 0.00602201226141762
0.00763453174390369 0.00775249776845151 0.00786400926766005 0.0079687295104939 0.00806654633115365 0.00796375141297326 0.00805970895789803 0.00814988493092664 0.00823480190835187 0.00831506597772666 0.00839130715549761 0.00846411872568044 0.00853400145435674 0.00860131819498871 0.00866626328908781 0.00810880830274662 0.00816937084378102 0.00822694575754446 0.00828113575827833 0.00833147874504912 0.00837749055987573 0.00841870998465914 0.00845474381955761 0.00850384797263535 0.00852796231161492 0.00856150634323236 0.00857559206336496 0.00858466041955278 0.00858935559101691 0.00859051238521293 0.00644261875853687 0.00645390038137501 0.00646527346347509 0.00647758569967761 0.0064916715051655 0.00653710514719679 0.00655626738328056 0.0065792626537988 0.00660656950834851 0.00663853067564464 0.00557054071682409 0.00560353402230081 0.00564043372774571 0.00568109790789848 0.00572528768541323 0.0057726764870579 0.00582286030560204 0.0058753694333517 0.00592968123708818 0.00598523422503041 0.00604144308815478
0.00759811062415836 0.00771747662201114 0.00783020063940169 0.00793588546041427 0.00803437738175215 0.00793030418125934 0.00802660039601328 0.00811688579247252 0.00820174274709351 0.00828185725018017 0.00835795243733081 0.00843072029039029 0.00850075835399456 0.0085685180609031 0.00863426936019155 0.00808036752709602 0.00814258172039344 0.00820224699963729 0.00825898122610539 0.00831232643225366 0.00836179223962091 0.00840690119817331 0.00844723364014914 0.00848246961913362 0.00851242580645946 0.00857069969840541 0.00859024814412851 0.00860489032009093 0.00861518306412092 0.00862186753317175 0.00646861298741019 0.00648357828999317 0.00649836444117517 0.00651375685602071 0.00656101426735298 0.00657917848091513 0.00660010423614996 0.0066243733622278 0.00665245569443984 0.00668469670608084 0.00560784945657172 0.00564018257832589 0.00567605968684188 0.00571536719961677 0.00575789863158586 0.00580336309145208 0.00585139505236934 0.00590156546538604 0.00595339409987142 0.00598977646978429 0.00604368131987192
0.00756104021545724 0.00768194507263928 0.00779603617970258 0.00790284269249132 0.00800215567501841 0.00789679055906601 0.00799350727088696 0.0080839487134641 0.0081687554766398 0.0082486952547559 0.008324588613485 0.00839723186939749 0.00846732513979438 0.00853541327719381 0.00860184530982656 0.00805118108497409 0.0081148969170376 0.00817649508134262 0.00823560904643035 0.00829178580501835 0.00834452994263287 0.00839334940715532 0.00843780019921869 0.00847752786019832 0.00851230385036968 0.00855718982291253 0.00860219858487538 0.00862228220716835 0.00863805481589631 0.00865016650366188 0.00649158828608168 0.00651021384595367 0.00652840919246088 0.00654689818498243 0.00659781922656594 0.00661827738661361 0.00664104678642768 0.00666668690914209 0.00669565681494765 0.00672830231888998 0.00564276221895901 0.00567456594793941 0.0057095547284789 0.00574764154662937 0.00578865068877314 0.00583232550456039 0.00587833750193892 0.00590902416797389 0.00595877041461153 0.00600956418940977 0.00606090300470253
0.00806323361122391 0.0081742751951285 0.00827706295696848 0.00837114400029709 0.00845639567106381 0.00853305745651134 0.0086017306501897 0.00866334287290209 0.00871907978024405 0.00877029027939171 0.00881837580127329 0.00886467580512172 0.00891036251277693 0.00895635766785556 0.00900327950127336 0.00905142411202746 0.00910077892588455 0.00915106141069108 0.00920177468239708 0.0092522720597522 0.00894043006224019 0.00899330998582426 0.00904215677192113 0.0090865061677797 0.00912602342806754 0.00916053711565061 0.00919006362558263 0.00923541060587883 0.00925502711041595 0.00927091362150629 0.00835208730423011 0.00836995138938263 0.0083872601660608 0.00843805749058148 0.00845623476411234 0.00847651325980179 0.0084997011177243 0.00852650256534035 0.00855749454919531 0.00859311060813104 0.00888273197017199 0.00892033541142227 0.00896294581995174 0.00901041823600019 0.00906247065155665 0.00694752816694299 0.00700841116451419 0.00707151889551221 0.0071363147554476 0.00720221847468452 0.00726862172417632
0.00802876869981672 0.00814158709069236 0.00824597539297247 0.00834136748127337 0.00842754827216295 0.00850469965222157 0.00857341049182078 0.00863464505306262 0.0086896718738961 0.0087399600636055 0.00878705513102267 0.00883244793728289 0.00887745412047261 0.00892311764344636 0.00897015065417927 0.00901891341461194 0.00906943100953348 0.00912143802110773 0.00917444038296971 0.00922778439183732 0.00892007171313305 0.00897657187491597 0.00902947757314301 0.00907829364931807 0.00912264390648193 0.00916230406659728 0.00919722605545118 0.00922755238005216 0.00925361959520702 0.00929647892792972 0.00837729230456648 0.00839982626750389 0.00842154038368132 0.00847719177769651 0.0084990087176791 0.00852244793794699 0.0085482713645298 0.00857715102000421 0.00860964576535491 0.00864618491759479 0.00893886864006766 0.00897624491573589 0.00901808844175734 0.00904737711154139 0.00909783601981141 0.00698015914705338 0.00703898285218262 0.00709979394527856 0.00716210053533308 0.0072253681205137 0.00728903423994405
0.00799356276950728 0.00810837195631872 0.00821462260410115 0.00831161428232705 0.00839901525100275 0.00847692676528436 0.00854590613607247 0.00860694227528923 0.00866138228278432 0.0087108188059488 0.00875694988640703 0.00880142929632806 0.00884572667327959 0.0088910157070231 0.00893810546302662 0.00898741900920381 0.00903901502194517 0.00909264045018318 0.00914779982253566 0.00920383001559622 0.00889935627038126 0.00895924267826659 0.00901595439824409 0.00906896959621621 0.00911787562345343 0.00916240098744588 0.00920243912257159 0.00923806308353884 0.0092695300490438 0.00929727528987873 0.00839958425962842 0.00840478469822853 0.00842968997434287 0.00851295773975953 0.00853837060224012 0.00856496069319613 0.00859344247840242 0.00862445356440143 0.00865853187076382 0.008696098842781 0.00899176981310297 0.00901203691967581 0.00905332123698187 0.00909849878955018 0.00914737183676658 0.00701052611215592 0.00706743469233497 0.00712608988559667 0.00718604249731216 0.00724680173327818 0.00730784916374789
0.00795748936760873 0.00807450711165695 0.00818290131122194 0.00828181426998126 0.00837076977905177 0.00844976043612165 0.00851928857923837 0.00858035161371339 0.00863436867837084 0.00868305834183079 0.00872828079061861 0.00877186587453028 0.00881544981705015 0.0088603449145614 0.00890746014902658 0.00895727934541402 0.00900988960484258 0.00906504415702205 0.00912224110318136 0.00918080499848451 0.00887867104451036 0.00894170929076336 0.00900196892203675 0.00905890552464073 0.00911207507097396 0.00916116470421492 0.00920601580261641 0.00924663864433376 0.00928321769412526 0.00931610735326148 0.00839921273132644 0.00842951028676612 0.00845852318375261 0.00848693821214552 0.00857432717306787 0.00860402498789522 0.00863515691003757 0.00866832420935321 0.00870404106065621 0.00872567209425688 0.00902431080970987 0.0090616443170342 0.00910243000042337 0.00914662485438669 0.00919406845725325 0.00703843853006331 0.00709357060172354 0.007150206465773 0.00720793728698892 0.00726631394959443 0.00732485998601543
0.00793091567192212 0.00803982655156232 0.00815065959043862 0.00825184630012481 0.00834273466218297 0.00842317501400223 0.00849358549424526 0.00855495098763834 0.00860875293586779 0.00865683711068112 0.00870123637482339 0.00874397197419756 0.00878686214599675 0.00883136811260757 0.00887850233417132 0.00892880645837944 0.0089823895194983 0.0090390038571156 0.00909813548016295 0.0091590931317967 0.00885839443639603 0.00892435662687812 0.00898790847420594 0.00904848690100249 0.00910562145427938 0.00915896362366805 0.0092083091624339 0.00925361235198138 0.00929499205141694 0.00933272879320922 0.00841709308952354 0.00845149311202057 0.00848442869181623 0.00851651647514298 0.00854840206719064 0.00858073048853703 0.00867342489005035 0.00869193955166519 0.00872923205116027 0.00876900653365134 0.00907038972154869 0.0091078402476773 0.00914824585970057 0.00919158994409158 0.00923774550463442 0.00706373091576521 0.00711721585892166 0.00717196143020039 0.00722759667633742 0.00728371187000026 0.00733987043079578
0.00855832720633621 0.00868308331633157 0.00880810530685893 0.00892039888043758 0.00901843778712892 0.00910139749728866 0.00916933455154422 0.00922325722125257 0.00926506579130537 0.00929736933613506 0.00932320363776535 0.00934569314251779 0.00936771212293442 0.00939160751359963 0.00941903437107281 0.00827100019168594 0.0083039256079243 0.00834243489282787 0.00838589569718404 0.00843347472984819 0.00892314230832635 0.00898295966001983 0.00904237747665344 0.00910061964325629 0.00915702524609701 0.00929793634559131 0.00934848361558658 0.00939622612120948 0.00944124669916551 0.00949181443848862 0.00961614881708076 0.00965453604372467 0.00969213078054412 0.0097297290037019 0.00976816768611735 0.0102543020631884 0.0103325677151366 0.0103690298773406 0.0104076742175635 0.0104490250340003 0.0097633294662949 0.00980467597736727 0.00984903314555011 0.00989641083213819 0.00994670241666367 0.00910561842297387 0.00916293941469704 0.00922178834653051 0.00928173552230069 0.00934230588272231 0.00940299356607546
0.00847721062647784 0.00861451039262503 0.00874158157429524 0.00888966722016714 0.00899143843636471 0.00907761336287261 0.00914799265032254 0.00920344713831084 0.00924588252370809 0.00927805117689781 0.0093032399672978 0.00932488018984409 0.00934614630250212 0.00936962361212601 0.00939711461692995 0.00825135377454146 0.00828521870863609 0.00832513618664311 0.0083704332105905 0.0084202435191645 0.00890968455415956 0.00897246596614813 0.00903519584044763 0.00909708384636956 0.00915744863026394 0.00930154214382872 0.00935647647046337 0.00940879251090362 0.00945851278492163 0.00951546700112055 0.00964417890768504 0.00968724486021635 0.00972932572310034 0.00977113550451873 0.00981343436651755 0.0103013013292501 0.0103801758906069 0.0104192050945043 0.0104598730537363 0.0105026824139235 0.00980945107658637 0.00985102752915466 0.00989510797681701 0.00994172364613331 0.00999079706389922 0.0091399561763334 0.00919556488987377 0.00925240524888257 0.00931008853753048 0.00936818251203951 0.00942622479257662
0.00843414808154999 0.00857479793399452 0.00870587269804346 0.00882478538250885 0.00892928624155018 0.0090538048104474 0.00912729083554388 0.00918487200749947 0.00922841727208934 0.00926080857752185 0.00928559734288899 0.00930655480129066 0.00932719341502399 0.00935036330342746 0.00937802180933178 0.00823453259814546 0.00826939328585244 0.00831073548424395 0.00835783808787416 0.00840979961048957 0.0088984241638662 0.00896398557200239 0.00902980405989369 0.00909507923448002 0.00915911393797628 0.00930603795654282 0.00936503083404377 0.00942157948770251 0.00947565298751684 0.00953846204590182 0.00967122751499586 0.0097186589929491 0.00976493624522001 0.00980803228767647 0.0098553131206125 0.0103410798192974 0.0104246903345597 0.0104661641501108 0.0105087721553311 0.0105529934693667 0.00985209220243768 0.00989391225588318 0.0099377550505522 0.00998366923524125 0.0100316024541806 0.00917126258373869 0.00922525103724659 0.00928018063859788 0.00933570040543708 0.00939141776758467 0.00944691101819206
0.00786448854539233 0.0085327107850502 0.00866801743509889 0.00879172846994081 0.00890115464045884 0.0089942804969496 0.00907016663046254 0.00916738941148988 0.00921261673525957 0.00924565839446541 0.00927034180431092 0.00929081618108434 0.0093109783455344 0.0093339764124511 0.00936193056733944 0.00822073705541654 0.00825666712255274 0.0082994626367711 0.00834834867977321 0.00840238805602242 0.00888959764774588 0.00895776462042999 0.00902645884806949 0.00909487382168471 0.00916230100336523 0.00931171252922478 0.00937444616853372 0.00943489557116028 0.00950668412391182 0.00956112047756124 0.00969761200220609 0.00974200071035162 0.00979340768757047 0.00984410060881945 0.00989469407868903 0.0103784522065356 0.0104663478938926 0.0105101125416771 0.0105545439344113 0.0106000963802318 0.00989136519169304 0.00993340942929874 0.00997702152520811 0.0100222640538409 0.0100691060423349 0.00919951005903632 0.00925194619605111 0.0093050409112115 0.0093584777222368 0.00941190061997861 0.00946492577901565
0.00782512483758389 0.00848782917391913 0.00862751658972515 0.00875645496267217 0.00887146898373943 0.00896998633026636 0.00905054838425232 0.00911317193207556 0.00915946977721817 0.00923258286317074 0.00925751412344852 0.00927774249473083 0.00929760663919394 0.00932059377123965 0.00934899586454902 0.00821014634793605 0.00824723182864884 0.00829151556568171 0.00834216544967928 0.00839821066693147 0.00888339279414391 0.0089539978578733 0.00902536395009893 0.00909668232306537 0.00916723704583874 0.00931880427836977 0.00938497456549896 0.00942293654309733 0.00952548981836209 0.00957292092502865 0.00971387574812066 0.00977019127023205 0.00982509858582086 0.00987909482355444 0.00993273218409867 0.010413701561424 0.0105054106520926 0.010551287375775 0.0105973975687215 0.010644170277819 0.00992742649959666 0.00996964473928696 0.0100130023171598 0.0100575727420876 0.0101033432386571 0.00922471763553571 0.00927564388706011 0.00932695598169308 0.0093783686800124 0.00942955952932793 0.00948017974075064
